2.826044 0.162794 
2.754069 1.087871 
1.848723 1.596784 
0.890700 0.509162 
-0.290216 -0.727370 
-0.994973 -1.643375 
-0.738309 -0.283246 
0.331346 0.752209 
1.255621 0.262397 
1.269303 -0.296962 
0.616873 -0.836651 
-0.204878 -1.279585 
-0.875193 -1.347638 
0.417230 -0.436930 
1.416841 0.552792 
1.266378 0.865592 
0.075791 -0.599557 
-1.018455 -1.515484 
-1.024964 -1.825616 
-0.629255 -1.364701 
0.608388 0.812833 
1.114180 1.040001 
-0.190141 0.916627 
-1.092101 -1.207765 
-0.503670 -1.598915 
0.762328 -0.846174 
0.867900 0.428699 
0.701837 0.784147 
0.523257 1.014316 
0.144527 -0.686587 
-0.308717 -2.055942 
-0.623613 -1.103816 
-0.352443 -0.236471 
0.106970 0.454723 
0.455515 0.756911 
0.420910 0.236351 
0.094839 -0.243987 
-0.234229 -0.520329 
-0.446305 -0.599014 
-0.323646 0.114888 
0.336948 0.539578 
0.722702 0.168207 
-0.079283 -0.299079 
-0.642160 -0.558694 
-0.643923 -0.058096 
-0.251571 0.291097 
0.118117 -0.072428 
0.449104 -0.360356 
0.300380 -0.515897 
-0.173528 -0.344767 
-0.273121 -0.167121 
0.114826 0.227198 
0.444421 0.529090 
0.593863 0.691897 
0.120145 0.449044 
-0.342529 -0.096951 
-0.307750 -0.478947 
0.107589 -0.293802 
0.421868 0.009105 
0.607425 0.249632 
-0.215931 0.190302 
-0.951525 0.100686 
-1.132179 -0.155365 
0.497425 -0.204461 
1.590046 -0.189175 
1.530476 -0.139131 
-0.646364 -0.005127 
-1.943967 0.079723 
0.329982 0.131410 
1.897644 0.080663 
2.803075 -0.128393 
0.886947 -0.272692 
-1.930597 -0.241130 
-4.053777 -0.162451 
-3.034875 -0.014551 
-1.485695 0.101672 
0.116108 0.194190 
1.476328 0.246915 
1.648181 0.098101 
-0.646449 -0.210367 
-1.598756 -0.374223 
-1.968220 -0.016696 
-0.429374 0.275403 
1.405913 0.394231 
2.372684 -0.118303 
1.359453 -0.522821 
0.283986 -0.278212 
-0.905145 -0.012615 
-1.470191 0.216029 
-1.166478 0.360198 
-0.601516 0.135653 
0.765322 -0.161286 
1.474030 -0.397969 
0.808626 -0.572270 
0.129825 -0.578997 
-0.587759 -0.558480 
-0.937247 -0.098027 
-0.014451 0.400761 
0.834504 0.295609 
1.391432 -0.187961 
