-0.484722 2.232695 
-0.238222 1.706743 
0.023538 0.770289 
0.158605 -0.201377 
0.158605 -0.201377 
0.158605 -0.201377 
0.116673 -0.101668 
0.116673 -0.101668 
0.001306 0.050720 
0.001306 0.050720 
0.001306 0.050720 
0.001306 0.050720 
0.001306 0.050720 
0.001306 0.050720 
0.001306 0.050720 
0.001306 0.050720 
0.001306 0.050720 
-0.027525 0.048817 
-0.027525 0.048817 
-0.027525 0.048817 
-0.027525 0.048817 
-0.027525 0.048817 
-0.027525 0.048817 
-0.027525 0.048817 
-0.027525 0.048817 
-0.027525 0.048817 
-0.027525 0.048817 
-0.027525 0.048817 
-0.015824 -0.026337 
-0.015824 -0.026337 
-0.015824 -0.026337 
-0.015824 -0.026337 
-0.015824 -0.026337 
-0.012179 -0.020074 
-0.012179 -0.020074 
-0.012179 -0.020074 
-0.012179 -0.020074 
-0.012179 -0.020074 
-0.012179 -0.020074 
-0.012179 -0.020074 
-0.004264 0.005089 
-0.004264 0.005089 
-0.004264 0.005089 
-0.004264 0.005089 
-0.004264 0.005089 
-0.004135 0.002676 
-0.004135 0.002676 
-0.004135 0.002676 
-0.004135 0.002676 
-0.004135 0.002676 
-0.004135 0.002676 
-0.004135 0.002676 
-0.004135 0.002676 
-0.004135 0.002676 
-0.004135 0.002676 
-0.004135 0.002676 
-0.004135 0.002676 
-0.004135 0.002676 
-0.004135 0.002676 
-0.004135 0.002676 
-0.004135 0.002676 
-0.004135 0.002676 
-0.004135 0.002676 
-0.004135 0.002676 
-0.004135 0.002676 
-0.004135 0.002676 
-0.004135 0.002676 
-0.004135 0.002676 
-0.004135 0.002676 
-0.004135 0.002676 
-0.004135 0.002676 
-0.004135 0.002676 
-0.004135 0.002676 
-0.004135 0.002676 
-0.004135 0.002676 
-0.004135 0.002676 
-0.004135 0.002676 
-0.004135 0.002676 
-0.004135 0.002676 
-0.004135 0.002676 
-0.004135 0.002676 
-0.004135 0.002676 
-0.004135 0.002676 
-0.004135 0.002676 
-0.004135 0.002676 
-0.004135 0.002676 
-0.004135 0.002676 
-0.004135 0.002676 
-0.004135 0.002676 
-0.004135 0.002676 
-0.004135 0.002676 
-0.004135 0.002676 
-0.004135 0.002676 
-0.004135 0.002676 
-0.004135 0.002676 
-0.004135 0.002676 
0.000162 -0.003061 
0.000162 -0.003061 
0.000162 -0.003061 
0.000162 -0.003061 
