0.389823 2.368988 
-1.039602 -0.008160 
-1.039602 -0.008160 
-0.389601 0.253242 
-0.389601 0.253242 
-0.236184 0.082613 
-0.236184 0.082613 
-0.151159 0.026054 
-0.151159 0.026054 
-0.048118 0.105882 
-0.048118 0.105882 
-0.028866 0.042110 
-0.028866 0.042110 
0.002017 -0.007296 
0.002017 -0.007296 
0.002115 0.000186 
0.002115 0.000186 
0.001450 -0.000058 
0.001450 -0.000058 
0.001450 -0.000058 
0.000645 0.000366 
0.000645 0.000366 
0.000645 0.000366 
0.000645 0.000366 
0.000645 0.000366 
0.000645 0.000366 
0.000645 0.000366 
0.000281 -0.001058 
0.000281 -0.001058 
0.000029 -0.000938 
0.000029 -0.000938 
0.000029 -0.000938 
0.000022 -0.000544 
0.000022 -0.000544 
0.000005 0.000080 
0.000005 0.000080 
0.000005 0.000080 
0.000005 0.000080 
0.000005 0.000080 
0.000005 0.000080 
0.000005 0.000080 
0.000005 0.000080 
0.000005 0.000080 
0.000005 0.000080 
0.000005 0.000080 
-0.000005 0.000036 
-0.000005 0.000036 
-0.000001 -0.000013 
-0.000001 -0.000013 
-0.000001 -0.000013 
-0.000001 -0.000013 
-0.000001 -0.000013 
-0.000001 -0.000013 
-0.000001 -0.000013 
-0.000000 0.000014 
-0.000000 -0.000002 
-0.000000 -0.000002 
-0.000000 -0.000002 
-0.000000 -0.000002 
-0.000000 -0.000002 
-0.000000 0.000002 
-0.000000 -0.000000 
-0.000000 -0.000000 
-0.000000 0.000000 
-0.000000 0.000000 
-0.000000 0.000000 
-0.000000 0.000000 
-0.000000 0.000000 
-0.000000 0.000000 
-0.000000 0.000000 
-0.000000 -0.000000 
-0.000000 -0.000000 
-0.000000 -0.000000 
-0.000000 -0.000000 
-0.000000 -0.000000 
-0.000000 -0.000000 
-0.000000 -0.000000 
-0.000000 -0.000000 
-0.000000 -0.000000 
-0.000000 0.000000 
-0.000000 0.000000 
-0.000000 0.000000 
-0.000000 -0.000000 
-0.000000 -0.000000 
0.000000 0.000000 
0.000000 0.000000 
0.000000 0.000000 
0.000000 0.000000 
0.000000 0.000000 
0.000000 0.000000 
0.000000 0.000000 
0.000000 0.000000 
0.000000 0.000000 
0.000000 0.000000 
0.000000 0.000000 
-0.000000 0.000000 
-0.000000 0.000000 
-0.000000 0.000000 
-0.000000 0.000000 
-0.000000 0.000000 
