0.023867 -0.016818 
0.007409 -0.000715 
0.003209 0.002732 
-0.008850 0.026962 
-0.001681 -0.007386 
0.019351 -0.016383 
0.002677 -0.001047 
0.000820 -0.000986 
-0.000034 -0.001087 
-0.005743 0.000837 
-0.007302 -0.000522 
-0.000738 -0.000880 
0.001488 -0.008804 
0.007052 -0.008839 
0.005445 -0.018646 
-0.001912 0.002369 
-0.006509 -0.026978 
-0.026233 0.042491 
0.012802 -0.013600 
-0.014364 0.035285 
-0.021283 0.032507 
-0.005695 -0.025971 
-0.001462 0.013130 
-0.005827 0.019158 
0.001598 0.002396 
0.014635 0.000413 
-0.004243 0.005532 
0.005865 -0.000577 
-0.004708 -0.005169 
-0.004057 -0.011110 
0.003929 -0.003584 
0.006473 0.006436 
-0.002477 0.000935 
0.002300 -0.013235 
-0.003410 0.021295 
0.036370 -0.020798 
0.005251 0.007028 
-0.001325 0.002885 
0.003923 -0.017120 
0.000426 -0.014096 
-0.009952 0.030979 
0.012138 0.002826 
0.012154 0.011435 
0.009032 0.022124 
0.000642 0.002215 
0.001871 -0.011151 
0.009644 -0.015168 
-0.048016 0.031138 
0.000261 -0.003099 
-0.001157 0.001244 
0.003331 -0.009123 
-0.010543 -0.010113 
0.003402 -0.005732 
0.000941 -0.005023 
0.025316 -0.005851 
-0.007092 0.031137 
0.007759 -0.010977 
0.005729 0.004940 
-0.005990 0.008714 
0.010108 0.001950 
0.011480 -0.016984 
-0.015860 -0.007329 
0.001128 -0.007213 
0.002473 -0.010428 
-0.002151 0.038485 
0.028735 0.000468 
0.002704 0.008104 
-0.004451 -0.000714 
0.006814 -0.006916 
0.001159 0.009205 
0.017563 -0.010743 
-0.004869 -0.004066 
-0.006254 0.004287 
-0.001112 0.001252 
-0.000169 0.016496 
0.017955 -0.014606 
-0.007669 0.014525 
-0.000612 0.005511 
0.013551 -0.030444 
-0.000161 -0.000946 
-0.001883 0.010450 
0.006624 0.017523 
-0.009446 0.038398 
0.007880 -0.030128 
-0.005041 0.020885 
-0.000935 -0.006095 
-0.038262 0.063438 
0.017617 -0.004375 
-0.013346 -0.011631 
0.000883 0.010684 
0.005014 -0.023508 
-0.003775 0.020539 
-0.006358 0.001351 
-0.006972 0.008260 
0.015374 -0.022439 
0.021683 0.059385 
-0.002289 -0.018336 
0.000549 0.016662 
0.022090 -0.007351 
-0.008930 0.016245 
-0.006659 -0.028226 
-0.005480 0.052258 
0.003251 -0.015362 
-0.006393 0.001752 
0.001783 0.004679 
0.006751 0.005590 
0.018686 -0.029507 
0.002673 -0.000488 
0.004379 0.006445 
0.008907 -0.020465 
0.009930 0.000490 
0.001236 0.002095 
0.001933 0.003008 
-0.010122 0.018573 
-0.006409 0.006857 
0.027886 -0.048905 
0.034366 0.002876 
0.000220 0.002913 
-0.022594 0.016098 
0.009454 -0.017337 
-0.000078 -0.003116 
-0.006984 0.008588 
-0.001344 0.003210 
0.023727 0.000071 
-0.025535 0.028604 
0.000097 -0.000179 
0.007851 -0.010014 
-0.002948 0.000010 
0.002646 -0.009056 
0.006345 -0.005137 
0.008068 0.015516 
-0.004507 0.003150 
0.029247 0.000332 
0.001018 0.013772 
0.002178 -0.000654 
0.012268 0.008463 
-0.000663 -0.000606 
-0.002889 -0.040025 
-0.008555 0.006726 
0.027352 0.010761 
-0.018369 0.009566 
0.000244 0.003446 
-0.000901 0.007098 
-0.003450 0.005193 
-0.001021 0.000155 
0.013282 -0.009261 
0.004197 0.013326 
0.000530 -0.005309 
-0.019234 0.011586 
-0.004702 -0.033354 
-0.001555 -0.000543 
-0.003314 0.002591 
-0.012401 0.005057 
0.014450 -0.002453 
0.013928 -0.064402 
-0.011529 0.019955 
-0.006940 0.007289 
0.000019 0.012247 
-0.005433 0.002816 
-0.010853 -0.008539 
-0.015917 0.015955 
0.020488 -0.064703 
-0.010444 0.001217 
0.001078 -0.003824 
0.000618 -0.010425 
-0.008001 0.005673 
-0.000515 0.000448 
0.000745 -0.007848 
0.000041 -0.000001 
0.000108 0.007100 
0.007889 -0.008201 
-0.003936 0.032210 
-0.005787 -0.015531 
-0.000553 0.007368 
-0.003522 0.000966 
-0.004386 0.015225 
0.016993 0.014632 
-0.003688 -0.006803 
-0.014084 -0.032459 
0.002652 0.007059 
-0.002376 0.001401 
0.010365 0.000377 
-0.000964 0.002575 
0.006907 -0.019092 
-0.001552 -0.001963 
0.016176 -0.008312 
-0.000276 -0.002158 
0.001335 -0.002300 
-0.007698 -0.033196 
-0.002208 -0.002493 
0.002328 -0.004483 
0.000562 0.000906 
0.028380 -0.045329 
0.004346 0.000196 
-0.003784 0.004704 
0.000376 0.004859 
0.010908 -0.003978 
0.000775 0.001146 
0.000105 0.014929 
0.003876 -0.001780 
-0.010529 0.001730 
-0.002813 -0.005112 
-0.003943 0.016997 
-0.004239 -0.004078 
-0.004030 0.002688 
0.005588 0.007251 
-0.004456 -0.000036 
0.004249 -0.010120 
-0.003757 0.002049 
0.004871 -0.000009 
-0.005676 0.012280 
-0.000361 0.006086 
-0.010524 0.016606 
0.004532 0.001661 
0.000815 -0.001393 
0.001204 -0.000395 
-0.031179 0.013482 
-0.021167 0.018729 
0.007938 -0.001757 
0.007416 0.012304 
-0.000302 0.007240 
-0.010977 -0.038400 
0.002687 -0.033043 
-0.006605 -0.008298 
-0.000556 -0.003683 
0.023310 0.004181 
-0.006106 0.011641 
0.071288 -0.058845 
0.000057 -0.000439 
-0.000138 0.008369 
0.005400 -0.015753 
0.002214 -0.005728 
-0.011054 -0.006754 
-0.004018 0.015510 
0.010413 -0.003718 
0.001787 0.002377 
-0.008370 -0.005068 
0.024108 -0.065849 
0.003152 -0.002637 
0.006536 0.028624 
0.004536 -0.007623 
-0.004050 0.003936 
-0.002858 0.002379 
0.009127 0.035366 
-0.001422 -0.003597 
-0.000319 -0.011852 
-0.003356 0.004030 
-0.002084 -0.000519 
0.009154 -0.004452 
0.001983 -0.003666 
0.002074 -0.006918 
-0.001322 0.005061 
0.003827 -0.008448 
-0.016068 -0.005353 
0.003128 -0.026309 
-0.033710 -0.049779 
0.028755 -0.001891 
-0.027107 0.008366 
-0.001182 0.037780 
-0.008281 0.012545 
-0.013761 0.014431 
0.003515 0.011359 
0.000100 0.002423 
-0.002953 -0.005535 
-0.008979 -0.012719 
0.004709 0.001186 
0.010218 -0.013253 
-0.006603 0.014305 
0.009261 -0.004030 
0.001676 -0.000234 
-0.017107 0.007717 
-0.008326 0.008394 
0.004976 -0.013093 
-0.000872 0.012828 
-0.004943 0.008415 
-0.000104 0.008474 
0.002719 -0.034719 
0.000508 -0.009751 
-0.000582 0.013853 
-0.000848 0.003492 
0.013312 -0.051487 
-0.026441 -0.002099 
0.022080 -0.032756 
0.000168 -0.007757 
0.010306 -0.015497 
0.012934 -0.002621 
-0.002873 -0.000672 
0.006813 -0.014708 
0.011118 -0.019021 
0.003345 -0.010159 
0.006714 -0.000440 
0.001166 0.000468 
0.010657 -0.022947 
-0.002156 -0.001278 
0.009050 0.009570 
0.004281 0.024399 
-0.000116 0.008279 
-0.018903 0.016841 
-0.003149 -0.002225 
0.004787 0.003716 
0.008736 -0.014809 
-0.007587 -0.001986 
0.015439 0.001635 
-0.008153 -0.015475 
0.007155 -0.008432 
-0.033605 0.026682 
-0.001067 0.027870 
-0.002629 -0.014677 
0.062037 -0.040643 
-0.008747 0.003844 
-0.002149 0.006688 
-0.005000 0.003321 
0.000242 0.002328 
-0.006714 0.023348 
-0.000185 0.013419 
0.012613 -0.013388 
-0.005157 0.003651 
-0.055852 0.053123 
0.000573 0.002866 
0.000461 0.000598 
-0.002187 0.010723 
0.000173 -0.012343 
-0.005662 -0.037265 
-0.004252 -0.003899 
-0.004360 0.006947 
0.003338 -0.010624 
-0.008487 -0.015773 
-0.001537 -0.000508 
-0.000355 -0.000440 
0.000139 0.002975 
-0.006773 -0.000076 
0.004779 0.001458 
-0.003486 0.008505 
0.031094 0.017220 
0.000664 0.012564 
-0.002235 0.015793 
-0.005923 -0.004280 
0.000023 0.003572 
-0.006144 0.000121 
0.003875 0.001933 
-0.032244 0.032960 
0.005178 -0.000676 
-0.014966 0.020611 
-0.012475 -0.000632 
0.004313 -0.020412 
-0.025205 0.008594 
0.000175 -0.009283 
-0.004286 0.029281 
-0.030270 0.021004 
0.002784 -0.002955 
0.011092 -0.020181 
0.005954 -0.028266 
0.008763 -0.012466 
0.003916 -0.002349 
0.004705 0.001879 
-0.008178 0.009999 
-0.003650 0.001308 
-0.006975 -0.009140 
0.021378 -0.049102 
0.005865 -0.009215 
0.005417 -0.013821 
-0.010685 0.007998 
-0.002377 0.018669 
0.028810 -0.002086 
0.008732 0.000919 
0.006561 -0.006688 
0.007119 -0.002150 
-0.001384 -0.000741 
0.000425 0.000581 
-0.003030 0.005053 
-0.000119 0.002400 
-0.006363 -0.015604 
-0.000218 0.000174 
0.008404 -0.007271 
0.019974 -0.016355 
0.005778 -0.025030 
-0.002303 -0.003272 
0.009540 0.006196 
-0.000919 -0.001479 
-0.013374 0.011564 
-0.010524 0.019705 
-0.001729 0.010009 
-0.022139 0.044760 
0.006083 0.033194 
0.004418 0.008357 
-0.009402 -0.002023 
-0.006623 -0.012603 
0.011401 0.014491 
0.006791 -0.027393 
-0.010639 0.015676 
0.008444 -0.015125 
-0.011988 0.008244 
-0.006789 0.045040 
-0.003480 -0.020815 
-0.002227 0.002503 
-0.020664 0.003993 
-0.020478 0.019992 
-0.019029 0.031907 
-0.018984 -0.010941 
-0.008385 0.027621 
0.002112 -0.001433 
0.000192 0.001457 
0.011602 0.003558 
0.006224 -0.001927 
-0.010459 -0.017096 
0.038824 -0.007646 
0.002443 0.005546 
-0.011056 -0.005841 
0.012847 -0.028254 
-0.004218 -0.020712 
0.002179 0.002843 
-0.004928 0.019683 
0.001623 0.018099 
0.000477 0.000803 
-0.004294 0.020278 
0.004364 -0.002300 
0.017397 -0.006906 
0.001739 0.021473 
0.009486 0.079826 
-0.012129 0.002991 
0.001035 -0.001767 
0.017609 -0.026123 
-0.002990 -0.002183 
-0.008599 0.003256 
-0.008473 0.006114 
-0.007364 0.010320 
-0.000047 -0.011716 
0.000717 0.003673 
0.015538 -0.068788 
-0.005735 0.027359 
-0.002234 0.002634 
-0.011589 0.003970 
0.010115 -0.005118 
0.005228 0.000367 
-0.007216 0.005564 
-0.009091 0.003135 
0.012618 -0.017291 
-0.003227 0.044366 
0.011098 -0.006267 
-0.008112 0.019451 
-0.016052 -0.044285 
-0.022053 -0.053881 
-0.005515 0.002175 
0.000145 -0.014692 
0.002089 -0.007450 
0.012353 0.004738 
0.015207 -0.015085 
0.014776 -0.001662 
-0.010857 0.010282 
-0.011106 0.016197 
-0.006960 -0.000484 
0.000449 -0.014583 
0.005778 -0.001211 
0.000527 -0.004501 
-0.005208 0.006987 
0.013455 0.050065 
0.001115 -0.000841 
-0.011115 0.012146 
-0.005984 0.006988 
-0.011958 0.006759 
-0.005325 0.032512 
-0.004232 -0.008131 
-0.006762 0.013064 
0.001397 0.000409 
0.003641 -0.001064 
0.011371 -0.006785 
-0.000740 -0.006727 
-0.004331 0.001555 
0.004013 0.012499 
0.000662 -0.016972 
0.006381 0.001488 
-0.007862 0.000767 
0.001531 -0.018095 
-0.005930 0.009465 
-0.000556 0.004015 
0.003888 -0.000058 
-0.000269 -0.002309 
0.003659 -0.045004 
0.005885 -0.011259 
0.023859 -0.001318 
-0.001100 -0.001706 
-0.002029 -0.001393 
-0.000448 0.000266 
-0.003820 0.004321 
0.004054 0.016692 
-0.003965 -0.004927 
-1.745769 0.909641 
-0.027111 0.016250 
-0.005517 -0.023454 
0.000181 -0.000507 
-0.001011 -0.064488 
-0.004681 0.005764 
-0.003038 -0.002662 
-0.004712 -0.005782 
-0.009413 -0.015867 
0.004411 -0.014399 
0.013559 -0.009671 
0.001544 -0.030564 
-0.001648 -0.031256 
-0.004281 -0.011228 
0.000009 0.000108 
0.001755 0.001362 
0.004529 -0.047839 
-0.002443 -0.012715 
0.014687 -0.004144 
-0.156479 0.525048 
0.010165 0.004955 
0.002238 -0.007961 
-0.006783 0.002688 
0.000964 -0.003854 
-0.032638 0.134412 
0.000038 -0.000105 
-0.016839 0.014830 
0.011336 -0.007952 
-0.007165 0.018584 
-0.011358 0.007069 
0.000231 -0.000557 
0.003421 -0.029153 
0.008834 -0.004675 
0.005408 0.010540 
-0.001663 0.029691 
0.013264 -0.016588 
-0.013383 0.013872 
0.015330 -0.008324 
-0.000344 0.000562 
0.001236 -0.002840 
0.008585 0.016362 
-0.009079 0.006068 
0.007885 -0.013212 
0.028270 -0.074574 
-0.017014 0.032124 
-0.013113 -0.003638 
-0.026889 0.005649 
0.016926 -0.004832 
0.006183 0.000249 
-0.000580 -0.007902 
-0.007943 -0.004061 
-0.001849 0.000725 
0.008749 -0.003824 
-0.004238 -0.039177 
0.001984 0.002020 
0.005755 -0.029511 
0.006788 0.003199 
0.001630 -0.002868 
0.036178 -0.017672 
0.004284 -0.002038 
-0.001088 0.013998 
-0.007085 -0.029766 
-0.004224 0.019913 
-0.006594 0.026723 
-0.005706 0.016072 
-0.004095 0.001073 
-0.061598 0.063858 
0.010570 0.042439 
-0.001807 -0.002531 
0.017513 -0.001159 
0.022646 0.018681 
-0.000040 0.002235 
0.000636 -0.002141 
-0.012039 0.009353 
0.006508 -0.023998 
0.004640 0.002523 
0.011021 0.004517 
0.000972 -0.001087 
-0.005665 0.027586 
0.007687 -0.003967 
0.025567 0.008826 
-0.005694 0.005242 
-0.022631 -0.009710 
-0.000612 -0.011809 
0.021441 -0.028212 
0.000776 -0.000612 
0.017286 0.006727 
-0.007724 0.003117 
0.002143 -0.017213 
-0.006526 0.011071 
0.005188 -0.007629 
-0.008686 0.029479 
0.010141 0.011791 
-0.002340 -0.025585 
-0.000190 0.010607 
-0.011919 0.041259 
0.026635 0.029484 
0.008180 0.013057 
0.026561 -0.021162 
-0.003311 -0.001667 
-0.000048 0.002168 
-0.023902 -0.005048 
0.001352 0.003596 
0.010129 -0.002182 
-0.001414 0.000521 
0.003560 -0.006766 
-0.005937 0.001753 
-0.008905 0.021783 
0.000443 -0.027274 
-0.011997 0.013499 
0.006721 0.002356 
-0.005039 0.008386 
-0.005082 0.000462 
-0.053819 0.105859 
0.013327 0.003311 
0.006400 -0.016425 
-0.000594 -0.009103 
0.014418 -0.008790 
0.000630 0.002271 
-0.001519 -0.006967 
0.002294 -0.008154 
-0.004940 0.022492 
-0.011619 0.054802 
0.002883 -0.004651 
-0.010892 0.016882 
0.005921 -0.001219 
-0.002820 0.018060 
-0.006345 0.004518 
0.001657 0.000901 
0.000983 0.003212 
0.001914 -0.011996 
0.008552 -0.004461 
-0.002976 0.009520 
0.002023 -0.000076 
-0.004592 -0.008554 
0.000791 -0.008581 
-0.007845 0.003284 
-0.016672 0.007031 
-0.000285 -0.000084 
0.008753 0.002113 
-0.008286 0.006851 
-0.003581 0.014824 
-0.002306 -0.040608 
0.000672 -0.021416 
-0.003560 -0.003525 
-0.006813 0.013073 
-0.001303 0.011948 
0.011096 -0.035650 
0.001925 -0.010509 
-0.003099 0.004108 
0.017724 -0.047459 
0.009762 0.009885 
-0.003488 -0.001026 
-0.002679 0.004916 
0.001002 -0.002635 
0.010369 0.000703 
0.008582 -0.013565 
-0.033921 0.011625 
0.004651 -0.015990 
-0.000155 -0.005669 
0.006441 -0.002353 
-0.000217 0.001893 
0.004005 -0.016755 
-0.002823 0.001750 
0.002411 -0.006658 
0.009470 -0.004250 
-0.002679 -0.008157 
0.009662 -0.006096 
-0.001221 -0.002410 
-0.006252 0.007397 
-0.012912 -0.005221 
-0.000737 -0.001754 
-0.002673 -0.008342 
0.008447 0.068170 
0.003705 -0.018270 
0.006583 0.001611 
0.003051 0.000700 
-0.005714 0.016073 
-0.010575 0.020130 
0.011798 0.001015 
0.036955 -0.028252 
0.000446 -0.007340 
-0.004948 0.001246 
0.003200 0.003733 
0.002863 0.000527 
-0.002354 0.007954 
-0.001830 0.009489 
0.008843 -0.032925 
0.003094 0.000020 
0.000370 -0.000629 
0.004163 -0.025300 
-0.005459 -0.001580 
-0.014367 -0.003791 
0.012317 -0.024145 
0.003950 0.011967 
-0.008770 0.023543 
-0.002821 0.003041 
0.000784 -0.002757 
0.019754 -0.026216 
0.001998 0.003783 
-0.004883 0.007112 
-0.008153 0.000429 
0.018673 0.015525 
0.000273 -0.001055 
-0.011228 0.030888 
-0.001998 0.019842 
-0.003458 -0.002227 
0.000418 0.010780 
-0.005052 0.009224 
-0.000593 0.000519 
-0.021833 0.057814 
-0.000429 0.002277 
-0.002483 -0.003415 
0.002497 0.005234 
-0.015524 -0.009473 
-0.001349 0.002256 
-0.033774 0.041023 
0.000469 0.000576 
0.000520 -0.007658 
0.011303 -0.031168 
-0.003122 0.007821 
-0.023328 0.005393 
0.006971 -0.010562 
0.000202 -0.005328 
-0.000919 0.005090 
0.001924 -0.001792 
0.010492 0.018886 
-0.003772 0.015748 
-0.001517 -0.011187 
0.007766 -0.009300 
-0.014435 0.052264 
0.000609 0.001877 
0.001206 0.001870 
-0.001846 0.002618 
-0.010744 0.033270 
-0.001298 0.008340 
0.006841 -0.003827 
0.032227 -0.020922 
0.019727 -0.028543 
0.002327 0.041451 
0.017548 -0.009552 
0.051135 -0.049819 
-0.005631 0.009834 
0.016022 -0.055098 
0.001330 -0.004349 
-0.003588 0.001459 
0.010995 -0.003177 
-0.006180 0.003346 
-0.008090 0.013433 
-0.006594 0.033227 
-0.003469 -0.012198 
0.008351 0.016746 
-0.040237 0.048492 
-0.006578 0.011899 
0.006709 -0.015737 
-0.008683 0.015347 
0.002257 -0.013579 
-0.000751 0.003731 
-0.000456 -0.002111 
0.011666 0.015142 
0.001383 -0.003564 
0.003871 0.007520 
-0.001287 0.000661 
-0.049094 0.039225 
-0.001670 0.006846 
0.002248 -0.007086 
-0.001974 -0.003884 
-0.001232 0.000579 
0.003733 -0.000735 
-0.000604 0.002437 
-0.026694 0.015176 
0.004135 0.025820 
0.001788 0.005446 
-0.000569 0.001448 
-0.008604 0.021436 
-0.001317 -0.028373 
0.002214 -0.001400 
-0.005366 0.007852 
-0.001280 -0.011370 
0.002053 -0.012495 
0.002348 -0.004546 
0.001626 -0.004877 
0.000760 -0.008102 
-0.001213 0.001335 
-0.001399 0.005787 
0.011563 0.000491 
-0.024101 -0.002184 
-0.002030 -0.002059 
-0.024435 0.002767 
0.001267 0.000959 
0.000342 0.025275 
-0.001414 0.000481 
0.009947 0.004276 
-0.006135 0.020661 
0.004595 -0.023690 
-0.011038 -0.017800 
-0.004883 0.007679 
0.004961 -0.027065 
0.001918 -0.000349 
-0.002101 0.001367 
-0.000781 0.002830 
0.010617 -0.010088 
0.002302 0.001490 
0.004545 0.021499 
-0.000952 0.043669 
0.016378 -0.050274 
-0.005627 0.002495 
-0.009037 -0.003956 
-0.020015 0.039036 
0.002873 0.035903 
-0.005972 0.000217 
0.005683 -0.004793 
-0.002578 -0.003565 
0.010656 -0.027066 
0.001109 -0.000534 
-0.023175 0.011450 
0.004450 -0.004837 
-0.004173 -0.001753 
0.001875 -0.001754 
0.002973 0.003040 
0.001496 -0.000061 
-0.044549 0.037851 
-0.001496 -0.006551 
-0.003094 0.046810 
0.021676 -0.052391 
-0.007325 0.006330 
0.006525 0.022032 
0.007956 0.001647 
-0.004485 -0.004329 
0.001064 0.032746 
0.008844 -0.001798 
-0.017049 0.025759 
-0.003235 0.001266 
-0.027040 -0.005394 
-0.024100 0.010107 
0.002002 -0.003466 
-0.005379 0.002575 
-0.009092 -0.003937 
-0.013225 0.022090 
0.003306 0.019691 
0.001596 -0.020357 
0.005284 0.001082 
-0.001225 0.002567 
0.006571 0.000001 
-0.004410 -0.012284 
-0.000543 0.008593 
0.003403 0.005261 
0.000389 0.000270 
-0.000056 -0.001443 
-0.000069 0.003125 
-0.002211 0.017601 
-0.001542 0.001975 
0.021449 -0.019093 
-0.011673 0.004833 
-0.000251 -0.000014 
0.000066 0.000223 
0.000723 0.008326 
0.000515 -0.015876 
-0.000381 0.008968 
0.001907 -0.012963 
0.002137 -0.003157 
-0.002643 0.003342 
-0.002340 0.004343 
0.006870 0.005046 
0.001586 -0.006411 
-0.001827 0.000768 
0.004761 0.001754 
-0.005192 -0.020400 
-0.005169 0.001528 
0.003894 0.000816 
0.001798 -0.027688 
-0.009204 -0.005447 
-0.013525 -0.001175 
-0.015623 -0.107686 
0.027347 -0.024550 
0.002578 0.000178 
-0.001128 0.005185 
-0.008651 0.002771 
0.004194 0.002544 
-0.028030 -0.006467 
0.029264 -0.024122 
-0.006270 -0.005622 
0.005167 -0.028254 
0.004971 -0.094095 
-0.012079 0.040316 
0.004579 -0.001637 
0.000490 0.012302 
-0.014776 0.003197 
0.000497 -0.000495 
-0.003095 0.022808 
0.005779 -0.005138 
-0.011603 0.006881 
-0.014875 -0.000570 
0.021972 0.001626 
0.012730 -0.021825 
0.000298 -0.006975 
-0.002749 -0.004140 
-0.000579 0.000696 
0.007554 -0.007966 
0.008867 -0.009457 
0.000018 -0.004548 
-0.014450 0.032650 
-0.009273 0.010638 
-0.000453 -0.005453 
0.004048 0.010013 
-0.001173 0.004188 
-0.002718 -0.007504 
0.001141 -0.005209 
0.001820 0.001123 
0.001302 0.009423 
-0.021201 0.029704 
0.003221 -0.004499 
0.009357 -0.001856 
0.002007 -0.011266 
0.022871 -0.027533 
0.000440 -0.006692 
-0.006078 -0.000261 
0.021614 -0.024874 
-0.000967 -0.000498 
0.008440 -0.004486 
-0.002330 0.002559 
0.000852 0.012476 
0.001287 0.005500 
-0.007374 0.005186 
0.003552 0.002593 
-0.004200 0.004124 
0.000370 -0.017622 
0.002253 -0.002716 
0.001021 0.015796 
0.006208 -0.027045 
-0.002254 0.016028 
-0.000797 0.000873 
0.002593 -0.000033 
0.002702 -0.006114 
0.002653 0.003396 
0.032496 -0.032937 
-0.009929 -0.006753 
-0.006913 0.005259 
-0.004905 0.008533 
-0.017112 0.039782 
-0.003854 -0.001085 
0.000558 -0.005140 
-0.010610 0.008670 
-0.005825 0.006977 
0.006765 -0.003734 
0.002657 0.000589 
-0.007408 0.019530 
-0.007248 0.038826 
0.004956 -0.010170 
-0.014986 -0.020114 
0.000987 -0.002543 
0.001574 -0.001944 
0.000391 -0.002044 
0.021128 -0.010195 
-0.000199 -0.000206 
-0.000539 -0.000418 
-0.018623 -0.002077 
-0.007321 0.006186 
-0.010283 0.023092 
-0.004957 0.003931 
-0.010839 -0.021076 
-0.004365 0.023375 
-0.004241 0.004672 
0.006272 0.024950 
0.016556 0.009620 
-0.000556 0.001597 
-0.009408 0.001301 
0.003546 0.007652 
0.005948 -0.031522 
-0.007619 -0.003812 
0.000996 0.001350 
0.004594 0.003307 
-0.002136 0.010775 
0.000589 0.024392 
0.033433 -0.037472 
-0.002335 0.000929 
-0.000156 0.001396 
0.004027 -0.003828 
0.009057 -0.012295 
-0.000815 0.008579 
0.010064 -0.023040 
0.011323 0.028391 
0.001357 -0.003560 
-0.011735 0.010714 
-0.000350 -0.005014 
0.007532 0.001384 
0.005063 -0.013022 
-0.007974 -0.008402 
-0.019705 0.036176 
-0.000320 -0.002922 
0.047559 -0.064865 
-0.030770 0.007427 
0.009619 0.011772 
0.006964 -0.007361 
-0.000015 0.005413 
-0.001961 0.009167 
-0.000420 -0.006024 
-0.002037 0.002944 
0.001249 -0.006918 
0.009443 -0.034626 
0.005546 0.001974 
-0.004865 -0.018712 
0.000762 -0.010573 
0.000015 -0.004653 
0.007287 -0.003695 
-0.012674 -0.001295 
0.005076 -0.001812 
-0.010495 -0.003641 
0.004553 0.016119 
-0.004480 0.000829 
0.001074 0.004753 
-0.000323 -0.000076 
-0.005278 0.006362 
-0.002428 0.006471 
0.014654 -0.010352 
0.002141 0.000798 
-0.014317 0.006642 
-0.001850 0.015545 
-0.026093 0.022019 
-0.002267 0.001221 
-0.010453 -0.006120 
0.010020 -0.001621 
0.010202 -0.002755 
0.008888 0.003972 
0.004999 0.021480 
0.002417 0.001982 
0.016339 -0.030431 
-0.005569 -0.001248 
-0.000470 0.001940 
0.002649 -0.006805 
-0.003813 0.026197 
-0.044759 0.057891 
0.000923 0.000590 
0.019347 -0.013091 
-0.012134 -0.002738 
0.045498 -0.018869 
-0.002726 0.014126 
-0.002854 -0.003683 
-0.007365 0.004210 
0.001255 0.000520 
-0.002750 0.000788 
0.001423 -0.010669 
0.005551 -0.014162 
-0.012093 0.021271 
0.017133 0.039312 
-0.014255 0.023540 
-0.003128 -0.003503 
-0.001181 -0.002550 
0.007570 -0.004784 
0.003116 -0.004287 
0.002583 0.000073 
-0.002466 0.004102 
-0.000349 0.002787 
-0.002850 0.013360 
0.004700 0.000613 
-0.002396 -0.014735 
0.010427 0.004912 
-0.008481 0.000890 
0.012385 -0.026765 
-0.016773 0.009410 
-0.010351 -0.015079 
0.004588 0.029069 
0.005534 0.002446 
0.003000 -0.005164 
-0.004805 -0.011268 
-0.003761 0.007593 
0.003081 -0.004983 
-0.001302 0.009803 
-0.009437 0.024550 
-0.011598 0.006909 
-0.010479 0.008714 
-0.003505 -0.021961 
-0.015413 0.022717 
0.000252 0.003488 
0.001407 -0.000324 
-0.006347 0.024063 
0.006296 -0.002088 
0.003460 -0.024592 
-0.000526 0.000482 
-0.019669 -0.002038 
-0.004216 -0.007196 
0.000319 0.001026 
-0.000596 -0.001314 
0.000047 -0.025691 
0.003975 -0.005720 
0.000435 0.000059 
-0.019064 0.010552 
-0.000870 -0.003455 
0.002303 -0.014952 
0.002937 0.002853 
-0.010456 -0.002053 
-0.006044 -0.003039 
0.001181 0.006218 
-0.004256 0.005531 
-0.007430 -0.031868 
0.015716 -0.006765 
0.010291 -0.029486 
-0.008652 -0.000433 
0.009769 0.015533 
0.001212 0.000557 
-0.000742 0.018332 
-0.021745 0.039115 
0.023192 0.015335 
-0.013145 0.030796 
0.013679 -0.021759 
-0.008024 -0.015664 
-0.008338 -0.020998 
-0.000970 0.000658 
-0.009221 0.010933 
0.001913 -0.003756 
-0.001584 0.011789 
-0.078255 0.075709 
0.006131 -0.011688 
-0.007284 0.023277 
-0.001376 0.002764 
-0.009560 0.004599 
-0.000783 -0.000436 
0.015648 -0.032472 
0.000030 -0.001333 
-0.005528 0.003322 
0.006679 -0.003973 
-0.002566 -0.004255 
-0.005921 0.008081 
-0.005633 0.008044 
-0.010505 -0.004642 
-0.005338 0.007862 
0.034542 -0.037595 
0.000076 -0.007333 
-0.002301 0.008580 
0.010165 -0.018451 
-0.001579 0.004134 
0.006908 0.011775 
0.007292 -0.029026 
0.021975 -0.031184 
0.004734 -0.008396 
0.001723 -0.008218 
-0.005324 0.026909 
0.001207 -0.005661 
0.004375 -0.001185 
0.000296 -0.003019 
0.001025 -0.008396 
-0.014700 -0.008449 
-0.001274 -0.001210 
0.004432 0.015131 
0.006850 -0.016084 
0.000023 -0.000179 
-0.001571 -0.018453 
-0.032935 0.046266 
0.009873 -0.002337 
0.016749 -0.018983 
0.000673 -0.000038 
-0.007365 0.011897 
-0.002592 -0.002294 
-0.045394 0.044998 
-0.004100 0.000928 
-0.008133 0.059432 
0.012823 -0.038012 
0.006754 -0.040868 
-0.011932 0.017478 
-0.002919 0.006585 
-0.000235 -0.024917 
0.009330 -0.001539 
0.014896 -0.029211 
-0.005438 0.005712 
-0.000234 0.000931 
-0.032418 -0.011562 
0.001689 0.007167 
0.030529 -0.018948 
0.001411 0.001949 
-0.013765 0.005385 
0.001333 0.003323 
0.002437 0.004661 
0.032444 -0.007776 
0.010428 0.006124 
0.002929 -0.014882 
-0.003291 0.001617 
0.003139 -0.003151 
-0.000720 -0.015044 
0.000662 -0.002984 
0.005942 -0.012984 
-0.010592 0.029947 
-0.006510 -0.010235 
0.018862 -0.027608 
0.005320 -0.011940 
0.006244 0.004983 
-0.010571 0.005974 
0.010507 -0.011184 
-0.007593 0.007187 
0.005284 0.003495 
-0.001875 -0.012236 
-0.000215 -0.004696 
0.000346 0.007462 
0.007871 -0.049671 
0.003686 -0.012595 
0.002196 -0.000569 
0.000983 -0.001862 
0.000046 -0.004277 
-0.016369 -0.016539 
0.003835 -0.024159 
0.003550 -0.005718 
-0.003931 0.000558 
0.036489 0.007494 
0.003108 0.001285 
0.005291 -0.020347 
-0.001696 0.000878 
0.010314 -0.007703 
-0.015336 0.044748 
-0.044201 -0.030895 
-0.003484 0.024885 
-0.002635 0.002812 
0.017655 -0.016241 
0.009669 0.024753 
-0.007254 0.004961 
-0.000175 -0.017048 
0.021814 -0.080131 
0.000441 0.001505 
-0.012742 0.034379 
-0.002126 0.005999 
0.008685 0.058522 
0.002807 -0.008878 
0.006927 -0.002201 
0.022670 -0.008367 
0.000524 -0.004968 
-0.001501 0.013068 
0.011151 -0.011143 
0.001012 0.042753 
-0.001374 -0.003350 
-0.009949 -0.003827 
-0.021195 0.060282 
-0.032514 -0.017130 
-0.001373 0.009486 
0.000522 0.000258 
-0.013045 0.052761 
0.016148 0.007693 
0.022114 0.020239 
0.004097 -0.002164 
-0.010816 0.003291 
0.002222 -0.012268 
0.003963 -0.015471 
0.000780 0.000350 
0.009377 -0.012183 
0.004823 -0.004975 
-0.000997 0.000962 
0.009633 -0.035575 
0.000185 -0.001955 
0.012800 0.026953 
-0.006011 -0.018425 
-0.002283 -0.003223 
-0.008676 -0.005130 
0.031508 -0.055242 
0.038672 -0.023899 
-0.003683 0.010437 
-0.011312 -0.001119 
0.013146 -0.026763 
0.007437 -0.013625 
0.005587 -0.013577 
0.001407 -0.000483 
0.007136 0.000974 
0.017196 0.000473 
0.000160 0.000160 
-0.001114 -0.020949 
-0.004793 0.012887 
0.009566 -0.004050 
-0.015729 0.007274 
0.006862 -0.018966 
-0.000383 -0.001362 
-0.001135 0.002785 
0.002971 0.009752 
-0.010285 0.026862 
0.006326 0.000254 
-0.004201 0.007435 
-0.009845 -0.007429 
0.003275 0.000265 
0.008434 0.012857 
0.029158 0.021005 
0.006167 0.006711 
0.012592 -0.014452 
0.027218 0.064216 
-0.002296 -0.002878 
-0.001148 0.002799 
-0.016577 -0.006148 
-0.032619 0.000336 
0.007708 0.021236 
0.010449 -0.004344 
-0.005519 0.020593 
0.004605 0.001942 
-0.000671 0.001066 
0.001047 -0.011255 
-0.008395 -0.005814 
0.003319 0.000960 
0.002120 0.000355 
-0.002297 -0.004574 
0.002949 -0.000065 
-0.012934 0.009909 
-0.003060 0.004405 
0.015866 0.007923 
0.000611 -0.011031 
0.000832 -0.006856 
0.008239 -0.002258 
-0.002871 0.004667 
0.008499 -0.008931 
0.011475 0.000350 
-0.013157 -0.002354 
-0.013073 0.004570 
0.005118 -0.000038 
0.004161 0.020408 
-0.008224 0.022574 
0.001653 0.002057 
0.002551 -0.005050 
-0.001281 0.005889 
0.023136 -0.017320 
-0.001978 0.021300 
-0.006169 0.006945 
0.001014 -0.000531 
0.001104 -0.019055 
-0.007128 0.009266 
0.002532 -0.004368 
0.001927 -0.006062 
0.001305 -0.004995 
0.003161 -0.001448 
-0.000053 0.002353 
-0.005392 0.035289 
-0.009748 0.006315 
-0.008606 0.004756 
-0.001843 0.017457 
-0.000701 0.004530 
0.002124 -0.000677 
-0.009865 0.019570 
-0.005978 0.000224 
0.002629 -0.010402 
-0.003893 -0.005842 
-0.002538 0.010326 
-0.011048 0.018669 
-0.003282 -0.030496 
0.005144 -0.003841 
-0.010739 0.012015 
0.008176 -0.006529 
0.007126 -0.000836 
0.001917 0.013006 
0.011084 -0.029995 
0.010085 -0.009880 
-0.010487 -0.003530 
0.000308 -0.000460 
0.020869 0.013437 
-0.019201 -0.000948 
-0.001446 0.007855 
-0.041958 0.021457 
-0.004035 0.002315 
0.001511 -0.015064 
0.005991 0.000601 
0.001178 -0.006298 
0.005557 -0.005720 
0.011091 0.025143 
-0.021805 0.014988 
-0.001995 0.000829 
0.002603 -0.018635 
0.001565 -0.003297 
0.003034 -0.013379 
-0.012312 0.011282 
0.010580 -0.006867 
0.016140 -0.051441 
-0.035943 -0.001459 
-0.003265 0.002550 
-0.001939 0.006639 
0.003015 -0.002613 
0.008823 -0.017966 
-0.004021 0.000159 
0.007555 -0.005668 
0.001258 0.000621 
-0.001637 -0.002956 
-0.000333 -0.006377 
-0.005228 -0.003680 
0.034390 -0.065187 
0.000258 -0.004509 
-0.014994 0.025238 
-0.000799 0.011539 
0.011127 -0.056679 
0.000390 -0.000911 
-0.001904 -0.000644 
0.007945 0.006495 
-0.000017 -0.003312 
-0.019843 0.032233 
0.004279 -0.012848 
-0.030336 0.030711 
-0.001853 0.000161 
-0.000794 0.002094 
-0.005183 0.005062 
-0.001311 0.009585 
-0.003360 -0.000452 
0.007272 -0.014931 
-0.003845 -0.001284 
-0.001279 -0.005461 
0.028608 -0.034070 
-0.006147 0.001724 
-0.006230 0.005335 
-0.003915 0.009890 
-0.000076 -0.016185 
-0.007889 0.001129 
0.000388 -0.010731 
-0.005266 -0.005021 
-0.026909 0.025083 
-0.031901 -0.027572 
0.013114 -0.008875 
0.010248 0.002657 
0.006230 -0.019241 
-0.003820 -0.003637 
-0.000848 0.002707 
0.001389 -0.054358 
-0.007821 0.009632 
-0.000141 0.002280 
0.010837 -0.030479 
-0.006800 0.016179 
0.034845 0.001688 
0.000023 0.002237 
-0.018269 -0.017217 
0.007387 -0.021229 
0.003178 0.014096 
0.000317 0.000415 
0.001527 -0.008968 
-0.009605 0.019987 
-0.000031 0.002017 
0.005343 -0.011842 
0.008697 -0.006981 
-0.000463 0.001240 
0.003827 -0.000841 
0.005659 -0.009138 
-0.001329 0.000186 
-0.001140 0.000652 
0.017714 -0.006311 
-0.002917 0.010685 
0.009976 0.002874 
-0.012050 0.000876 
-0.001392 -0.001209 
-0.000801 -0.008388 
-0.000020 -0.000207 
-0.001593 0.003293 
0.028542 -0.033496 
0.011395 0.000929 
-0.002236 -0.040744 
0.000172 -0.000403 
0.009436 -0.005278 
-0.019342 0.017508 
0.004473 -0.005915 
-0.000147 0.022953 
0.005409 0.001646 
0.000812 0.016182 
0.010478 -0.032676 
0.005150 -0.009018 
-0.000529 0.003384 
-0.001485 -0.006524 
-0.005904 0.001269 
-0.001450 -0.001716 
0.008039 0.001911 
-0.006113 -0.008940 
0.007317 0.001807 
-0.001467 -0.003884 
0.000872 -0.002798 
-0.002939 0.023397 
-0.030311 0.016137 
-0.001958 -0.004938 
0.002903 0.004718 
0.001615 -0.007242 
-0.005113 0.018650 
-0.000982 -0.005265 
-0.003201 0.009345 
-0.000741 0.005905 
-0.026580 0.004433 
0.004912 -0.011966 
-0.006280 0.012769 
0.003685 -0.029184 
0.031453 -0.018195 
0.007334 -0.023436 
-0.000583 0.035027 
0.013980 -0.001504 
0.002875 0.009383 
0.000584 -0.000587 
-0.011310 0.014777 
-0.003586 0.005793 
0.002312 0.012774 
0.006157 -0.008121 
-0.037757 0.029713 
-0.010820 0.019900 
-0.002270 -0.001832 
0.019990 -0.012717 
-0.007123 0.014413 
-0.003655 0.000093 
0.037627 -0.027498 
-0.001478 -0.008501 
0.004611 -0.024175 
-0.017559 0.025237 
-0.000888 0.002383 
-0.002543 -0.001113 
-0.001750 0.006502 
0.013558 0.009356 
0.023355 -0.001908 
-0.013424 0.029805 
-0.004323 0.004539 
-0.005489 -0.004551 
0.004453 -0.005086 
0.000610 0.000525 
-0.005771 -0.001051 
0.006281 -0.003001 
-0.004524 -0.043869 
0.001401 -0.005562 
0.007854 0.007295 
0.007745 0.021419 
0.034063 -0.001183 
0.004136 0.000955 
-0.005314 -0.007343 
-0.005119 0.045843 
-0.027573 0.071022 
-0.000876 -0.001066 
0.002274 0.002017 
-0.005365 0.002318 
-0.005993 -0.001220 
0.000693 0.003712 
-0.004553 0.007090 
0.003093 -0.005585 
-0.002003 0.001855 
-0.016317 -0.019124 
-0.008318 -0.012245 
0.009963 0.007126 
-0.003474 0.007033 
0.009932 0.022242 
0.004444 -0.002121 
0.009693 0.000004 
0.029091 -0.029291 
0.001058 0.000810 
-0.011792 -0.003645 
0.007873 -0.041480 
0.004031 -0.019334 
0.007663 -0.014156 
0.000963 -0.005231 
0.003599 -0.005010 
0.001223 -0.009719 
-0.006681 0.007700 
0.012940 0.000464 
-0.000142 -0.004333 
-0.006109 -0.013428 
0.061241 -0.068242 
0.005327 -0.014027 
0.000416 -0.001208 
0.001461 -0.002992 
-0.008720 -0.005977 
0.001911 -0.009764 
-0.003301 -0.007708 
0.000007 0.000536 
0.021570 -0.028759 
-0.012815 -0.002647 
-0.008680 0.008175 
0.000214 0.001948 
0.000401 -0.001682 
0.005278 -0.008629 
-0.009842 -0.020642 
0.002986 0.005435 
-0.037601 0.041190 
0.009501 0.014049 
-0.000847 0.001455 
0.003974 -0.017129 
-0.000534 0.000907 
0.001438 0.003139 
-0.012827 0.032117 
0.024482 -0.001919 
0.002178 -0.002869 
-0.032819 0.005108 
-0.003877 -0.008579 
0.001784 0.001549 
0.031007 -0.023850 
0.000908 0.020369 
0.002121 -0.001162 
-0.027654 0.017456 
0.031047 -0.016521 
0.009298 -0.017381 
-0.005103 -0.007536 
-0.000093 0.003638 
0.007990 0.001692 
1.758024 -0.884223 
-0.008828 0.003834 
0.002818 -0.001470 
-0.006427 0.002724 
0.031261 -0.025816 
-0.002062 0.008260 
0.015939 -0.018230 
-0.002153 0.005020 
0.004363 -0.002852 
-0.013037 0.018067 
0.037570 -0.056870 
-0.006080 0.012589 
0.013428 0.001291 
0.003038 0.008010 
-0.002580 0.002394 
-0.006051 0.000648 
0.000945 -0.000211 
0.030741 -0.060841 
0.003939 -0.001816 
-0.000391 -0.001522 
-0.000215 0.001586 
0.023212 -0.035672 
-0.003474 0.004541 
-0.002120 -0.012942 
0.008833 0.019040 
-0.007747 0.036552 
-0.003012 0.007610 
0.004690 -0.012282 
0.000531 0.042640 
0.012526 -0.003151 
-0.007013 0.011311 
-0.001081 0.000400 
0.013654 -0.012516 
0.018519 -0.014760 
-0.023222 0.082764 
0.011780 -0.019009 
0.009428 0.000863 
-0.006052 0.018646 
-0.000065 -0.001865 
-0.033393 0.015301 
-0.006483 -0.022512 
0.000288 0.001895 
0.006152 0.013503 
0.004204 -0.000850 
-0.007985 -0.000712 
0.001369 0.002083 
0.013672 -0.014973 
0.017431 -0.009452 
0.015723 -0.005603 
-0.050867 0.031678 
-0.058984 0.078412 
-0.019637 0.032107 
0.023240 0.030656 
-0.002317 -0.006845 
-0.003103 -0.004903 
-0.002205 -0.014931 
0.004055 0.035185 
0.020459 0.000886 
-0.003605 -0.002229 
-0.020536 0.003246 
-0.000880 -0.009202 
0.017466 -0.041159 
-0.012464 0.000486 
0.003775 -0.001127 
0.024627 -0.018941 
0.000217 -0.000088 
-0.004645 0.012991 
-0.027297 0.002206 
-0.016936 0.003118 
-0.005664 0.005145 
-0.008956 -0.028223 
0.004419 -0.009238 
-0.015677 0.017420 
-0.016944 0.000985 
-0.015479 0.059134 
0.010651 -0.008474 
0.001452 0.001073 
0.002842 -0.002860 
-0.000458 0.000006 
-0.008260 -0.013616 
-0.002293 0.005201 
0.012686 -0.023888 
-0.000101 -0.000187 
0.009906 0.029101 
-0.001589 -0.005414 
-0.020928 0.016047 
-0.001954 0.006790 
-0.002081 -0.028755 
-0.002385 0.005181 
0.004381 -0.005517 
0.012767 -0.051124 
0.026086 -0.010491 
-0.004675 -0.009379 
0.014710 -0.008140 
-0.008182 -0.003164 
-0.002901 0.015092 
0.006172 0.015344 
-0.001386 -0.003248 
-0.045520 0.005089 
0.019871 -0.048353 
0.001634 -0.005476 
0.010186 -0.008068 
0.009907 -0.010499 
0.001442 0.005072 
0.000348 0.001260 
0.085248 -0.074738 
0.000318 0.012427 
0.007120 -0.016696 
0.007361 0.009171 
0.035606 0.039415 
-0.016025 0.006038 
0.002005 -0.003271 
0.021563 -0.002140 
0.016691 -0.002744 
0.001207 -0.003510 
-0.034579 0.024320 
-0.001328 0.005789 
-0.049541 0.046560 
0.003469 0.017086 
-0.007326 -0.006883 
0.008653 0.020927 
0.016686 -0.007547 
-0.001598 0.006139 
-0.004594 0.002029 
-0.004098 -0.002642 
-0.000290 0.003378 
0.000120 0.028194 
-0.006518 0.025855 
0.003757 -0.001221 
0.001501 -0.017647 
-0.007809 0.034729 
0.002410 -0.014475 
0.012541 -0.020676 
-0.006350 0.000450 
0.002691 -0.001449 
-0.060495 0.092243 
0.001187 -0.014234 
0.000859 -0.001469 
0.004711 0.000095 
0.000213 0.001847 
0.005150 -0.015419 
-0.005781 -0.003023 
-0.021361 0.013031 
-0.028687 0.028931 
-0.019227 0.010378 
0.000851 -0.021615 
0.002399 -0.002681 
0.000768 -0.009283 
-0.005478 -0.001038 
-0.004027 -0.005979 
0.010747 -0.003188 
-0.023691 0.021269 
0.004316 -0.003691 
-0.002170 -0.042805 
0.004416 -0.002186 
-0.007701 -0.003663 
-0.019433 -0.003040 
-0.009386 0.002847 
-0.011288 -0.009359 
0.095255 -0.017460 
0.000446 0.000176 
0.003402 0.000609 
-0.000938 0.005434 
-0.010084 0.002917 
0.000021 0.000805 
-0.000399 0.000960 
-0.000650 -0.004472 
0.005506 -0.009625 
-0.005216 -0.006338 
-0.003710 0.001855 
0.002164 0.004814 
-0.003417 -0.008135 
-0.016762 -0.011960 
0.008756 0.008210 
-0.024445 0.013083 
0.003914 0.004373 
0.005071 0.013989 
0.015753 -0.014098 
-0.014980 0.007122 
-0.000683 -0.052668 
-0.002537 0.006192 
0.011645 0.011233 
-0.000326 0.000329 
0.000896 -0.014317 
-0.008500 0.005941 
0.003271 0.009166 
0.010910 -0.006622 
-0.009773 0.032474 
-0.019949 0.018425 
-0.002751 -0.012118 
-0.006307 0.007229 
0.001916 -0.010474 
0.005060 0.001560 
-0.000249 0.000593 
0.007929 0.008164 
0.000872 -0.011827 
-0.029968 -0.032471 
0.005863 0.025135 
-0.063297 0.012041 
-0.003030 0.013813 
0.002286 0.000942 
-0.000464 -0.000240 
-0.005541 -0.013286 
-0.015878 0.008097 
0.000707 -0.000542 
-0.011498 0.005787 
0.003572 -0.014813 
-0.003275 0.004891 
0.001606 0.010089 
0.000595 -0.004480 
0.001918 -0.004019 
0.004395 -0.002211 
0.002116 -0.003119 
0.007747 -0.004895 
-0.001649 -0.015942 
-0.012002 0.003691 
-0.001974 0.003113 
0.056712 -0.038301 
-0.006535 0.003621 
0.000030 0.000598 
0.002023 0.001751 
-0.001274 0.001496 
0.013881 -0.026996 
0.004013 0.005254 
0.010374 -0.048409 
-0.000079 -0.009457 
-0.013134 0.009691 
0.035634 -0.053820 
0.004074 -0.006224 
-0.006251 0.001869 
0.035264 0.000566 
0.006873 -0.021047 
-0.004221 -0.005013 
-0.009464 -0.005047 
0.017267 -0.008186 
-0.000770 0.002689 
-0.000277 0.007966 
0.006523 -0.006796 
0.013005 -0.006937 
-0.026634 0.027572 
-0.037716 0.029387 
-0.014339 0.062210 
0.001549 0.001414 
0.009175 0.012573 
0.000308 -0.005029 
0.005142 0.000940 
-0.016011 -0.021696 
0.002540 -0.010367 
0.001321 0.003137 
-0.017474 0.024693 
0.006951 -0.002265 
0.007154 0.003318 
0.001860 -0.015356 
0.007094 -0.020683 
0.023766 -0.037146 
0.011386 0.013756 
-0.005054 -0.006095 
-0.001060 -0.000252 
-0.010284 0.012134 
-0.020689 0.019065 
0.011869 -0.011307 
-0.004504 0.018452 
0.001093 -0.006270 
0.015670 0.013801 
0.000274 -0.011574 
0.000455 -0.015948 
0.001190 0.005251 
0.016220 -0.040620 
0.001046 -0.003465 
0.005511 0.006008 
-0.017299 0.033481 
-0.010340 0.005403 
-0.024617 -0.027203 
-0.000573 0.001311 
-0.001478 -0.001989 
0.010068 -0.002903 
-0.005613 -0.002290 
-0.028065 0.052011 
0.011526 -0.055643 
-0.003154 0.002968 
0.000450 -0.011613 
0.001122 0.005781 
0.001339 -0.001029 
0.023237 -0.071446 
-0.006057 0.017412 
0.009487 -0.008356 
-0.004208 -0.020005 
-0.001493 0.003849 
0.000939 -0.004956 
0.001194 0.006041 
0.012380 -0.009839 
-0.003366 0.014872 
0.015664 -0.014608 
-0.000843 0.009213 
0.007388 -0.013533 
-0.018576 0.045957 
-0.003765 -0.005744 
-0.003407 -0.002858 
0.014540 -0.016248 
0.011309 0.001539 
0.003391 -0.003962 
0.009482 -0.028122 
-0.003938 0.014817 
-0.016446 0.005610 
0.001641 -0.000749 
0.003337 -0.003169 
-0.002044 -0.004394 
0.015357 -0.010611 
0.021982 0.020082 
-0.004166 0.004241 
-0.004891 -0.005294 
0.008207 0.000233 
0.000293 -0.004000 
0.015486 -0.000067 
0.002588 0.023864 
-0.022913 0.017769 
0.006243 -0.038091 
0.004433 -0.022567 
0.017678 -0.015689 
0.003037 -0.001661 
0.005484 -0.003059 
-0.007450 0.005966 
0.003043 -0.002154 
0.001642 0.002506 
-0.002114 -0.002738 
-0.016658 0.042750 
-0.021630 0.032949 
0.000031 -0.000740 
-0.019094 0.010594 
-0.001556 0.001370 
-0.008953 -0.021082 
-0.015108 0.072101 
-0.009172 0.003542 
0.024360 -0.014380 
-0.003288 -0.000373 
-0.019756 0.002501 
0.008689 -0.004267 
-0.000511 0.003597 
0.000820 -0.001354 
-0.001248 0.021690 
0.005545 0.000036 
0.010407 -0.034921 
0.000379 -0.012124 
-0.025347 0.022346 
-0.000627 0.006664 
0.028048 0.024982 
-0.008531 0.013980 
-0.001619 -0.003318 
-0.048168 -0.000533 
-0.000124 -0.004255 
0.001923 -0.001264 
-0.003408 -0.002947 
0.018963 -0.024745 
0.012302 -0.003025 
-0.000262 0.010997 
0.039138 0.023478 
-0.032345 0.022446 
-0.001329 0.011059 
-0.031554 0.037496 
-0.000639 0.002779 
0.007333 0.002381 
-0.033255 -0.001726 
-0.028228 0.035104 
0.009061 -0.006947 
-0.000168 0.002498 
0.001466 0.005580 
0.037997 0.022682 
-0.016245 -0.036801 
0.007235 -0.035516 
-0.003291 0.001388 
-0.003997 -0.005419 
0.000142 -0.000592 
-0.003123 -0.002132 
0.007605 -0.002654 
-0.007246 0.002055 
-0.000851 -0.006473 
0.004503 -0.000233 
-0.005111 -0.012520 
-0.001245 -0.001304 
-0.001157 -0.017808 
-0.022431 0.008297 
0.004892 -0.022682 
0.013709 -0.029731 
-0.010401 0.005665 
-0.002452 -0.002188 
0.009912 -0.001675 
-0.000313 -0.005541 
-0.001073 0.023333 
0.004351 -0.003061 
-0.003283 -0.000131 
-0.014652 0.009040 
-0.008490 0.014123 
0.008136 0.004166 
0.004000 -0.005337 
0.000911 -0.002997 
-0.005561 0.015156 
-0.040609 0.059242 
0.012523 -0.008108 
-0.005019 0.001291 
0.008019 -0.008004 
-0.012606 0.003617 
0.003599 -0.000258 
-0.002212 0.000883 
0.012519 -0.027350 
0.007612 -0.017702 
0.006755 -0.004873 
-0.006496 -0.011343 
0.000235 -0.001839 
-0.014071 -0.016183 
0.021125 -0.004369 
0.000486 0.018225 
0.006909 0.001233 
0.001115 -0.000195 
-0.001322 -0.003559 
-0.006915 -0.001224 
-0.004873 -0.011182 
-0.017260 -0.011224 
0.005368 -0.010090 
-0.017437 -0.030310 
-0.006055 -0.017077 
-0.009599 0.005068 
0.030182 -0.039534 
-0.021069 0.007674 
-0.019915 -0.015001 
0.002383 0.006954 
0.007694 -0.008982 
-0.003891 0.015649 
0.019123 -0.031532 
0.010806 -0.024450 
-0.002742 0.000243 
-0.005128 0.005722 
-0.004785 -0.017708 
-0.003099 -0.008094 
0.002013 0.015416 
0.000501 -0.000248 
0.002045 -0.011498 
0.002799 -0.011745 
-0.009300 0.000805 
0.000293 0.002615 
0.013845 -0.000503 
0.005047 0.006470 
0.010012 -0.038537 
-0.004164 -0.007014 
0.004838 0.014659 
-0.021585 -0.038477 
-0.000543 -0.006270 
-0.002641 -0.003481 
0.011123 -0.003602 
-0.014138 0.001979 
-0.005296 0.005547 
-0.017948 0.006591 
0.005756 0.001840 
-0.007712 0.037455 
0.010718 -0.011339 
-0.003831 0.013950 
0.035396 -0.038120 
0.050866 -0.000031 
0.008939 0.015077 
0.002025 0.009559 
-0.000896 0.000126 
0.000650 0.018100 
-0.007956 -0.005599 
-0.002320 -0.001323 
-0.006472 -0.018662 
-0.000496 -0.004282 
0.002281 0.006985 
-0.006976 0.002369 
-0.016376 0.006144 
0.015430 -0.011239 
0.007174 -0.018429 
-0.001722 -0.044094 
-0.000313 0.000384 
-0.005611 -0.013860 
-0.004283 -0.001183 
-0.000886 0.003404 
-0.010267 0.056179 
-0.000037 -0.016941 
-0.002240 -0.002802 
-0.000513 -0.001493 
-0.001136 -0.016650 
0.001319 0.000984 
0.011151 -0.014154 
0.023513 -0.008452 
-0.012805 0.046632 
-0.014057 0.009943 
0.001678 -0.011026 
-0.010683 0.036850 
-0.008140 -0.001997 
0.005140 0.001165 
-0.008159 0.006144 
-0.012081 0.018788 
0.007297 -0.055079 
-0.008163 0.020476 
-0.019518 0.002934 
-0.012139 0.056188 
0.022856 -0.001439 
0.017725 -0.015152 
-0.003408 0.002692 
0.012708 0.016108 
0.019074 0.002145 
0.005716 -0.002720 
0.017650 0.014648 
0.002270 -0.005409 
-0.006020 0.008933 
-0.015965 0.025076 
-0.013910 -0.000305 
-0.006890 -0.006323 
-0.043230 0.022398 
-0.006210 0.012769 
0.000807 -0.008446 
0.008165 0.000534 
-0.005093 -0.006333 
0.001937 -0.004105 
0.003613 -0.000473 
0.004165 -0.009119 
0.003129 0.005050 
0.007782 0.014297 
-0.004328 0.004003 
-0.010138 0.080389 
-0.002326 0.006714 
0.032705 -0.095846 
0.012384 -0.020506 
-0.002868 0.003266 
0.032912 -0.018155 
-0.004978 0.001673 
-0.000459 0.002681 
0.006167 -0.009271 
-0.005779 0.012015 
-0.006629 -0.010741 
-0.007191 0.010386 
0.016797 -0.030042 
0.006134 -0.019859 
-0.017342 0.000875 
-0.005733 0.007713 
-0.013175 0.011472 
0.003297 -0.015830 
0.003743 -0.006469 
0.035303 -0.039669 
0.003043 -0.005987 
0.000289 -0.002087 
-0.002877 -0.015925 
0.004013 -0.005926 
0.000283 0.000350 
0.009092 0.006920 
-0.033490 0.002619 
-0.002312 -0.006009 
-0.016612 -0.051750 
-0.003054 0.008236 
0.006396 -0.023406 
0.002717 -0.002422 
-0.017997 0.000236 
0.001323 -0.008989 
0.003337 -0.003633 
-0.020945 0.012880 
0.008565 -0.002002 
0.031420 -0.017829 
0.000884 -0.003580 
-0.004091 0.006707 
-0.003678 0.036746 
-0.006036 0.011623 
0.020749 0.002900 
-0.003328 0.001345 
-0.013313 0.005103 
-0.003426 0.022059 
-0.004780 -0.034750 
0.001917 0.001793 
0.010813 0.004104 
-0.014406 0.000882 
0.000563 -0.007971 
0.001665 -0.002514 
0.018032 -0.037844 
0.006936 -0.017718 
0.000840 -0.005249 
-0.020192 -0.016254 
-0.019860 -0.004450 
-0.001927 0.002224 
0.007183 0.020341 
0.005188 -0.015540 
0.010174 -0.027277 
-0.006672 0.040933 
-0.001344 0.001303 
-0.003749 -0.003328 
-0.015318 0.015152 
-0.001978 0.002033 
-0.007262 -0.001821 
-0.022690 0.021962 
-0.003603 -0.005949 
-0.010619 -0.003915 
-0.000509 0.001296 
-0.008043 0.011468 
-0.005857 0.001359 
-0.001411 -0.017273 
0.041533 -0.030795 
0.001185 -0.012360 
-0.008148 0.028578 
-0.011379 0.001169 
0.004596 -0.009497 
-0.006622 -0.022286 
0.007767 0.001698 
-0.020725 0.019952 
0.000064 0.001142 
-0.008678 0.003443 
0.006045 -0.002009 
0.002847 -0.004100 
0.001115 -0.002485 
0.005982 -0.005601 
-0.036535 0.012034 
-0.001280 0.006893 
0.014492 0.020950 
0.000867 0.001517 
0.002832 -0.000080 
-0.004197 0.005885 
0.011255 0.008803 
0.000855 0.002214 
-0.007082 0.002586 
0.004470 -0.029316 
-0.006059 0.002886 
0.005185 0.006765 
0.001806 0.008272 
-0.017204 0.041146 
0.017064 0.004874 
-0.001097 -0.001024 
0.000337 0.000693 
-0.005023 0.004096 
-0.018080 -0.008227 
0.018238 0.019781 
-0.004887 -0.001256 
0.002134 -0.002266 
-0.002573 -0.000507 
-0.005267 0.024419 
-0.003603 0.007916 
0.018856 0.004616 
-0.025241 0.008800 
-0.001649 0.002765 
-0.015491 0.019750 
-0.016431 -0.015612 
0.014718 -0.005711 
0.014157 0.006992 
-0.008961 0.011542 
0.000541 -0.000229 
-0.006885 0.007613 
-0.017908 0.029642 
-0.017275 0.022701 
0.010324 -0.006413 
-0.002859 0.000979 
-0.030412 0.029307 
-0.006194 -0.001542 
0.001812 0.044789 
0.002906 -0.000514 
0.024149 -0.058985 
0.001958 0.010943 
-0.015375 0.011611 
-0.035502 -0.002486 
-0.003403 -0.002364 
-0.005040 0.007484 
-0.003834 0.023249 
0.021470 0.017332 
0.026389 -0.011332 
-0.000383 -0.021827 
-0.004841 0.019956 
-0.001209 0.007367 
0.003019 -0.001977 
0.003138 -0.014674 
0.015101 0.051329 
-0.000772 0.001164 
0.001440 0.003092 
-0.009068 0.009553 
-0.015343 0.023336 
0.017093 -0.030777 
-0.015561 -0.000271 
0.005157 0.008133 
0.010968 -0.002362 
-0.013841 0.020800 
0.003045 -0.004773 
-0.006782 0.001321 
0.001449 -0.001521 
0.007075 -0.005108 
0.015828 -0.022346 
-0.004700 -0.000786 
-0.014000 -0.051950 
-0.004557 0.008436 
0.009807 -0.005245 
0.006174 0.005341 
-0.000928 0.003839 
0.007657 -0.053693 
0.008723 -0.005988 
-0.002519 0.006669 
-0.029281 0.047549 
-0.000295 0.031124 
0.002080 -0.007124 
-0.000378 -0.001697 
0.014283 0.003369 
0.009780 0.014520 
-0.024957 0.106436 
0.008197 -0.006679 
-0.009397 0.004973 
-0.011409 -0.008245 
0.028741 -0.018955 
0.008872 0.023836 
0.016827 -0.001661 
0.002422 -0.002138 
0.015053 -0.002505 
0.017450 -0.063986 
-0.018978 -0.035086 
0.001966 -0.010733 
0.021349 -0.038665 
0.002443 -0.005895 
-0.004257 0.001138 
-0.013583 0.007177 
0.015279 -0.017316 
-0.003705 0.027526 
0.024605 -0.054833 
0.007694 -0.009219 
0.005187 -0.046085 
-0.007528 -0.012039 
0.002055 -0.002284 
0.013933 -0.023942 
-0.016528 -0.000782 
-0.062529 0.020044 
0.009757 -0.001924 
0.013677 -0.029982 
-0.015409 -0.012842 
-0.002019 -0.010851 
0.014922 -0.011090 
0.004113 -0.002535 
-0.031238 0.048198 
0.011310 -0.025109 
0.000095 0.001394 
-0.017733 0.006199 
0.018316 -0.024639 
0.026636 -0.033935 
0.012239 0.065083 
-0.003968 0.006179 
-0.020578 0.011433 
-0.003162 0.006593 
-0.003877 -0.002789 
-0.000141 0.000788 
-0.004380 0.011945 
0.003516 -0.000239 
0.001320 -0.008829 
0.000002 0.000877 
-0.004943 0.001693 
-0.002973 -0.003873 
0.024812 -0.018769 
0.000550 0.010255 
-0.002383 0.002656 
-0.001791 -0.001089 
-0.006204 0.000140 
0.000690 -0.000746 
0.007910 -0.006985 
0.001023 0.014885 
-0.013839 0.020945 
0.007596 -0.001784 
0.037524 -0.027889 
-0.028607 0.047819 
-0.002982 0.020496 
-0.004212 -0.004002 
0.004784 -0.002425 
-0.000661 0.000125 
-0.002856 0.003878 
-0.019869 0.003451 
0.011911 -0.002724 
0.000946 -0.023755 
-0.002863 0.000429 
-0.000386 -0.013144 
-0.000019 0.000189 
-0.008305 0.001512 
-0.000170 0.000881 
0.015428 -0.020557 
0.017902 0.018363 
-0.093947 0.055307 
0.000646 0.000769 
-0.031224 0.016218 
0.004656 -0.008414 
0.003264 0.006920 
0.006144 0.009977 
-0.001213 0.005665 
-0.003158 -0.001142 
-0.000973 0.003923 
0.000130 0.001795 
-0.000635 0.001287 
0.002696 0.004663 
0.000655 0.002468 
0.048799 0.019389 
0.002293 -0.000032 
-0.011472 0.013069 
-0.000066 0.000135 
-0.008092 0.005879 
-0.016303 0.033041 
-0.000743 -0.008149 
0.001005 0.007456 
-0.006497 0.000940 
0.004267 0.022554 
0.014556 -0.005547 
-0.012019 0.017941 
0.012156 0.022858 
0.006847 0.007236 
0.023694 -0.016578 
0.019900 -0.001873 
-0.001912 0.004044 
0.005665 -0.006046 
-0.017528 -0.018363 
0.001126 0.007310 
-0.001025 0.012159 
-0.007324 0.028993 
-0.007456 0.002876 
-0.010715 0.005519 
0.065236 -0.024273 
-0.026906 0.064021 
-0.000628 0.000996 
-0.005557 -0.000283 
0.018703 0.009465 
0.057766 -0.024614 
0.006283 0.011343 
-0.004349 0.012834 
0.014422 -0.009721 
0.019964 -0.013016 
-0.011561 0.004326 
-0.002781 0.003174 
0.007870 -0.011853 
-0.034025 0.027883 
-0.016151 -0.034305 
0.001211 0.000943 
-0.013229 0.032640 
0.013430 -0.006589 
-0.004013 -0.000220 
0.008202 -0.005082 
0.009782 -0.022303 
-0.013879 0.008176 
-0.006842 0.005389 
-0.031668 0.079790 
-0.000348 0.001122 
-0.002115 -0.006027 
0.014939 -0.008432 
0.003275 0.001299 
0.012421 0.002197 
-0.004328 -0.037719 
-0.000665 0.001329 
-0.000113 -0.004937 
0.008620 -0.005122 
-0.003492 0.009147 
-0.004160 -0.003373 
-0.002241 0.001940 
0.005491 0.017463 
-0.007986 0.029806 
0.001053 -0.029592 
0.003683 0.002317 
0.004748 -0.002362 
-0.000188 0.008365 
-0.015538 0.023268 
0.019374 -0.011089 
-0.001557 -0.000666 
-0.000595 0.000839 
-0.012229 0.016796 
-0.001004 -0.000302 
-0.008175 0.003727 
-0.011034 0.006603 
-0.007885 -0.004454 
0.001539 0.003116 
-0.000256 0.012457 
0.007017 0.003081 
-0.002481 0.007049 
-0.028197 0.020742 
-0.006294 0.000291 
0.006014 -0.003893 
-0.016392 0.001030 
0.065536 -0.029821 
-0.023201 -0.006472 
0.049994 -0.034852 
0.005817 0.003565 
0.001970 -0.001391 
-0.004436 0.003551 
-0.014759 0.004030 
0.000842 -0.002050 
-0.029407 -0.031027 
-0.015900 0.037844 
-0.004234 0.011822 
-0.000520 -0.025220 
-0.001105 -0.009234 
0.007553 -0.027959 
-0.011813 -0.027952 
-0.017757 0.033377 
0.000122 -0.004771 
-0.023580 -0.007488 
0.014659 -0.011995 
0.018216 -0.066667 
-0.000308 0.000435 
-0.015163 0.007807 
-0.008996 0.019049 
0.013778 -0.021388 
0.023050 -0.012703 
0.017474 -0.027476 
-0.002526 0.037324 
0.002981 -0.004327 
-0.001778 0.011876 
-0.004179 0.026659 
0.016791 -0.030224 
0.001398 -0.001632 
0.018706 -0.011299 
0.010930 -0.008962 
-0.016911 -0.002064 
-0.001600 -0.005854 
-0.030368 0.002352 
-0.045021 0.007938 
0.007016 -0.007239 
-0.001859 0.004366 
0.004197 -0.006684 
0.006786 0.011173 
-0.008289 0.009869 
0.029652 -0.002674 
-0.001942 0.013682 
-0.003002 0.000637 
-0.000907 0.001443 
0.012704 -0.022367 
0.011884 -0.016293 
0.014740 0.001515 
0.000366 -0.009706 
0.009700 -0.004927 
0.003246 -0.018888 
-0.006593 0.008817 
0.009022 -0.008229 
0.003277 -0.007680 
0.029612 -0.065651 
0.070748 -0.026095 
0.010266 -0.003702 
0.013575 0.011944 
0.001396 0.005384 
0.000917 0.025967 
-0.006171 -0.023277 
-0.001025 0.001565 
0.003636 0.059851 
0.022541 -0.021820 
-0.032849 0.028952 
-0.025494 0.018880 
0.005325 0.001120 
-0.027064 0.012190 
-0.000697 -0.001281 
0.004968 0.007485 
-0.028262 0.011087 
-0.014154 -0.004762 
0.000711 -0.000498 
-0.004847 0.017621 
-0.000464 0.006361 
-0.001909 0.015552 
0.006366 -0.012018 
0.004566 0.024169 
0.008238 0.006704 
0.021523 -0.012480 
0.003433 -0.004773 
-0.023383 0.031779 
-0.024187 0.047008 
-0.028639 -0.006323 
-0.000886 -0.000614 
0.015260 -0.021354 
-0.016850 -0.014334 
0.003983 -0.005485 
-0.000036 -0.016408 
0.001597 0.003358 
-0.004031 -0.007547 
-0.001357 0.000295 
0.041792 -0.013866 
0.005819 -0.009438 
0.000151 0.000466 
0.024231 -0.012130 
0.002708 -0.007264 
0.002184 -0.006067 
-0.014014 -0.003753 
-0.000143 0.006426 
0.010071 0.000222 
0.005488 -0.002636 
0.018097 -0.043479 
-0.005275 0.001504 
-0.031574 -0.032521 
-0.017065 -0.013256 
-0.004779 -0.032961 
-0.001714 0.041589 
-0.025764 -0.003589 
0.005700 -0.016786 
-0.001569 0.005177 
0.001906 -0.001802 
-0.003811 0.098313 
0.002606 -0.004710 
0.000795 0.052821 
0.004604 0.008462 
0.014376 -0.022442 
-0.002137 0.001245 
0.002741 0.015617 
0.002661 0.013587 
-0.001072 -0.003474 
-0.000070 -0.000704 
-0.003158 0.002305 
-0.027825 0.035694 
-0.007759 0.000456 
-0.001721 -0.011274 
-0.022736 0.012252 
0.013975 -0.051052 
0.000169 -0.006114 
-0.026921 0.045816 
0.021202 0.041103 
-0.000625 -0.019655 
-0.008184 -0.026672 
-1.737607 0.874878 
-0.005593 0.003867 
0.002324 0.000795 
0.000909 -0.002615 
-0.000120 0.001661 
0.003727 0.009449 
-0.005828 -0.004416 
-0.014948 0.045247 
-0.010226 -0.012770 
-0.003817 0.004313 
0.009913 -0.061260 
-0.002216 0.025491 
-0.000712 0.001323 
0.003821 0.008533 
-0.010170 0.003784 
0.002228 0.002095 
-0.019082 0.012327 
-0.000343 -0.001749 
-0.003195 0.001934 
-0.006574 -0.002415 
-0.002056 0.007308 
-0.016726 0.018998 
0.003648 -0.007886 
0.001453 -0.003501 
-0.006106 -0.006933 
-0.000475 -0.008376 
0.005190 0.010179 
0.004646 0.003561 
0.013883 0.029208 
0.012887 0.023825 
0.031332 -0.081543 
-0.003796 0.002528 
0.000009 0.000231 
0.011026 0.020554 
0.006504 0.007477 
-0.000333 -0.010319 
-0.025790 0.073324 
0.002187 0.000212 
0.027446 -0.012134 
-0.001037 -0.013341 
-0.022353 -0.003882 
0.007260 -0.007192 
-0.000552 -0.063144 
0.006569 -0.007878 
-0.000538 -0.018183 
-0.001388 0.002077 
0.000259 -0.006325 
0.001408 -0.000701 
-0.005687 0.004702 
-0.000119 0.008463 
-0.000168 0.000557 
-0.002431 0.010571 
-0.009434 0.028126 
-0.015203 -0.004192 
0.029683 -0.026418 
-0.001064 0.000414 
0.000045 -0.004823 
0.006667 0.007001 
0.001316 -0.003593 
-0.005668 0.036688 
0.011462 -0.013231 
0.016845 -0.033285 
-0.006569 -0.008541 
0.004278 -0.014775 
-0.013518 0.004237 
0.005299 0.003404 
0.001396 0.001006 
0.014781 -0.006762 
-0.015168 -0.017849 
0.005402 -0.020983 
0.000948 -0.000851 
0.009426 -0.009662 
0.002534 0.006274 
0.000812 -0.020438 
-0.003428 0.004623 
-0.018497 0.012278 
-0.002811 0.000893 
-0.015811 -0.007475 
-0.010691 0.009249 
0.009690 -0.027307 
0.002203 0.000213 
0.009070 0.025499 
-0.002903 0.002891 
0.018697 0.037189 
0.002182 -0.069325 
0.037754 -0.017419 
-0.001299 0.004282 
0.007891 0.023879 
0.002414 -0.001100 
-0.006401 -0.012652 
0.003528 -0.004921 
0.005072 -0.007728 
0.001885 0.001929 
0.005099 0.005823 
-0.002389 -0.001291 
-0.065505 -0.024624 
-0.002935 0.008210 
0.000412 0.001674 
0.014234 0.001354 
-0.011723 0.015574 
-0.022824 0.000883 
0.004899 0.041413 
-0.006720 0.031526 
0.004729 0.013317 
-0.012809 0.041254 
-0.005677 -0.001625 
0.000360 0.020737 
0.027660 0.005264 
0.005444 -0.029985 
-0.003902 0.005369 
0.024334 -0.043896 
-0.000079 0.004058 
0.000200 0.006543 
-0.014597 0.003216 
-0.006607 -0.020298 
0.008914 0.008654 
0.016477 -0.030314 
-0.010297 0.021175 
-0.000960 -0.007965 
-0.003782 0.002519 
-0.008115 -0.011815 
0.016275 -0.018461 
0.001703 -0.012690 
0.006964 -0.006941 
-0.005579 0.004661 
-0.050222 0.045039 
-0.004691 0.028116 
-0.004013 0.019945 
0.005414 -0.004719 
-0.006577 0.020896 
-0.002903 0.003211 
0.012370 0.005691 
-0.004545 -0.000351 
0.000014 0.000618 
-0.000273 -0.000935 
0.004254 -0.003107 
-0.004071 0.006548 
-0.013720 0.009236 
0.008298 0.012679 
0.001018 0.001845 
-0.009699 0.023254 
-0.018134 0.010587 
-0.003866 0.001560 
-0.001074 0.000984 
0.002923 -0.009650 
0.078082 -0.045512 
-0.003262 -0.002449 
0.001159 0.031882 
-0.010751 0.004120 
-0.001171 0.013780 
0.004782 -0.005682 
0.000233 -0.035742 
0.005099 -0.022454 
0.004437 -0.008730 
-0.002464 0.000609 
-0.003938 0.014532 
0.039393 -0.053675 
0.006337 -0.002855 
-0.009818 0.003403 
0.003770 0.009640 
-0.034336 0.017691 
0.018236 0.004774 
-0.007030 0.025173 
0.007348 0.001373 
-0.012304 0.032353 
0.000845 -0.004449 
0.005321 0.000682 
-0.003063 0.002772 
0.000194 -0.002196 
-0.000426 0.000798 
-0.004204 0.002706 
0.007007 0.013775 
-0.003968 0.004456 
0.008712 0.019130 
0.012812 -0.023080 
0.011629 -0.028206 
-0.003321 0.001129 
0.003635 -0.006869 
-0.001864 0.006522 
-0.004857 0.004669 
0.012953 -0.043675 
0.000810 0.009445 
-0.011904 0.011449 
0.006068 -0.003041 
-0.001514 -0.003318 
0.001280 0.005631 
-0.002306 0.017802 
0.000133 -0.002878 
0.004454 0.001291 
0.010691 -0.035680 
0.008117 -0.003085 
-0.005965 0.022979 
-0.005095 -0.007770 
0.006911 0.008228 
-0.003239 -0.004665 
-0.061024 -0.023280 
0.005466 -0.018373 
0.007987 -0.012202 
-0.005374 0.011509 
-0.005262 0.003360 
0.003197 -0.006386 
0.006127 -0.009651 
0.015492 -0.002607 
-0.038728 0.027180 
0.000815 -0.011477 
-0.010123 -0.017036 
0.014965 -0.000243 
0.019346 -0.048862 
-0.016787 0.004956 
0.005113 0.000858 
0.038791 -0.025178 
0.007290 -0.014347 
-0.004522 -0.002430 
0.000619 0.000416 
-0.003131 0.001235 
0.005913 -0.004551 
0.000289 0.010915 
0.025322 -0.017690 
0.000612 0.001460 
-0.017123 -0.012585 
-0.016957 0.008946 
0.000821 0.004551 
0.009329 -0.021451 
0.001811 -0.002456 
-0.000312 0.011793 
-0.002052 0.005657 
0.008672 -0.003583 
0.007922 -0.015432 
0.007462 -0.010536 
0.006637 -0.005443 
0.001895 -0.008052 
-0.005050 0.007413 
0.055331 0.018107 
0.000736 0.003767 
-0.002011 0.002847 
0.004180 -0.010720 
-0.001485 -0.003971 
-0.000804 0.001294 
-0.001180 -0.003086 
-0.007762 0.009120 
0.010519 0.010812 
-0.004809 0.020835 
0.000131 0.004167 
0.005611 -0.003433 
0.023114 -0.033183 
-0.010630 0.024477 
0.023606 0.045575 
0.030546 -0.027190 
-0.001804 0.003163 
0.001548 0.009168 
0.001900 0.000873 
-0.000149 0.000922 
-0.006895 0.011571 
0.015418 0.004888 
0.001269 -0.000135 
-0.022546 0.014368 
0.005462 -0.039875 
0.000797 0.000266 
0.023588 0.009547 
0.000248 0.003745 
-0.002485 0.009422 
-0.001540 -0.001240 
-0.007470 -0.002660 
0.000559 -0.001001 
0.015183 -0.020460 
-0.011047 -0.007738 
0.004574 -0.004073 
0.011278 -0.014422 
-0.001266 0.000079 
-0.002956 -0.002613 
0.027813 0.043800 
0.008942 -0.015982 
0.003549 -0.003894 
-0.010220 -0.002691 
0.002719 -0.005207 
-0.001018 -0.021510 
-0.001077 0.004279 
0.000409 -0.000533 
-0.001160 0.001425 
0.002972 -0.003755 
-0.001164 0.002635 
0.002144 -0.008307 
-0.025571 0.066417 
0.003544 -0.018282 
-0.001944 0.004845 
0.021241 0.016175 
-0.000418 -0.002894 
0.000982 0.006135 
-0.026223 0.034573 
-0.000747 -0.003007 
0.002875 -0.005430 
0.038027 -0.032415 
-0.003031 0.005001 
0.022280 -0.023114 
0.003879 -0.004847 
-0.000563 0.003658 
0.000676 0.007769 
0.004871 0.010838 
-0.009238 0.006003 
-0.001539 0.011319 
-0.008681 -0.024286 
-0.003743 0.015494 
0.000210 -0.013476 
0.001157 -0.005631 
-0.001109 -0.010452 
0.007289 -0.009168 
0.001295 -0.001835 
-0.003931 0.022920 
0.006198 -0.013326 
-0.000858 0.000310 
0.008016 -0.009355 
0.018510 0.017292 
0.001738 -0.005704 
-0.017149 -0.003442 
-0.001775 -0.007261 
-0.001608 -0.002945 
-0.002116 -0.000884 
-0.003106 -0.021781 
-0.010096 -0.001935 
0.005058 -0.013541 
0.002467 0.011649 
-0.000106 -0.002628 
-0.003615 0.008032 
-0.001509 0.009628 
-0.001755 0.002900 
-0.003554 0.004844 
0.002538 0.002783 
0.007019 -0.013825 
-0.002462 -0.007189 
-0.014687 0.009039 
-0.001240 0.000713 
0.000131 0.014007 
0.000334 0.002269 
0.011256 -0.010413 
0.007571 -0.007775 
0.014254 -0.052720 
-0.000980 0.001727 
0.002358 -0.017229 
-0.010204 0.010674 
-0.012502 0.023075 
0.007895 -0.026733 
0.000527 -0.007284 
-0.029365 0.010743 
0.001427 -0.010168 
0.000623 0.023194 
0.009731 -0.012442 
0.012478 -0.010404 
-0.023514 -0.028036 
-0.009410 -0.006715 
0.024806 -0.020053 
0.027844 0.009855 
-0.001092 -0.004069 
-0.013699 0.010869 
0.000133 -0.003853 
-0.003779 0.015848 
-0.018296 0.009850 
0.010678 -0.004419 
0.000551 -0.001670 
0.006345 -0.009106 
-0.000262 0.003708 
-0.000876 -0.003096 
-0.002577 -0.000643 
-0.060595 0.050637 
-0.000096 -0.000946 
-0.008213 0.000592 
0.000497 0.000599 
-0.002550 0.007364 
0.005273 -0.008998 
-0.005184 0.017984 
0.000307 0.000019 
-0.014814 0.014346 
-0.000581 -0.004561 
-0.007203 0.017175 
0.005031 0.001890 
0.002740 -0.012431 
0.004155 0.000216 
-0.023239 0.032280 
0.000656 -0.008968 
0.000475 -0.003256 
-0.015147 0.000459 
0.013909 -0.016923 
-0.023905 -0.024623 
-0.004904 -0.007714 
0.008969 0.023444 
-0.000081 0.005386 
-0.001461 -0.009576 
0.022055 -0.025850 
0.001453 -0.019633 
-0.009541 0.039880 
-0.000299 0.000953 
0.015110 -0.019042 
-0.032886 -0.004474 
0.036493 -0.037757 
0.001026 -0.003607 
-0.009293 -0.007676 
-0.000701 0.030011 
0.003474 -0.004024 
0.025652 -0.022153 
-0.012248 -0.018390 
-0.009619 -0.005719 
0.007240 0.016081 
-0.005071 0.002976 
-0.016100 0.011451 
-0.002347 0.005104 
-0.007983 -0.016164 
0.006511 -0.004213 
-0.014485 0.002726 
-0.025733 0.005993 
-0.002187 0.000840 
-0.005437 0.014987 
0.007387 0.024641 
0.003047 -0.016037 
-0.005814 -0.044034 
0.009191 -0.005927 
0.003002 -0.003662 
-0.035008 0.040103 
0.010700 -0.014753 
-0.017992 0.006315 
-0.004851 0.003441 
0.000827 -0.002331 
0.002595 0.002278 
-0.001915 0.004542 
-0.004346 0.002467 
-0.017296 -0.003594 
0.008927 -0.015246 
0.000550 0.005203 
0.000052 0.002061 
0.000845 -0.014707 
0.002288 -0.016475 
0.003734 0.009345 
-0.016318 -0.002750 
0.001503 -0.001303 
-0.016916 0.012542 
-0.003214 0.000207 
-0.000086 -0.001165 
0.003721 -0.003972 
-0.006142 0.013373 
