1.757487 2.793806 
0.221937 0.811165 
-1.284920 -1.144921 
-1.652439 -0.784342 
-1.473228 0.258502 
-0.365140 0.936452 
0.656000 0.770721 
1.130045 0.338630 
0.012360 -0.018918 
-0.993556 -0.340712 
-1.858874 -0.403386 
-0.611094 0.094271 
1.563231 0.469544 
2.363268 0.121576 
0.065742 -0.370070 
-2.068460 -0.406267 
-1.514509 0.104924 
1.594855 0.360244 
3.919852 0.375893 
5.000000 -0.110893 
2.911902 -0.496722 
-2.950537 -0.750055 
-4.769346 -0.883470 
0.625536 0.265889 
5.000000 1.159706 
2.234338 0.318045 
-1.372588 -0.606562 
-3.794193 -1.411787 
-2.188808 -0.964816 
0.992414 0.502664 
2.693483 1.086775 
0.097429 0.160500 
-2.287909 -0.781023 
-2.515789 -0.567076 
-0.499501 -0.228118 
1.456452 0.376001 
3.062833 0.873325 
2.624389 -0.073871 
1.295544 -0.854061 
-0.185688 -0.531979 
-1.415757 0.446823 
-2.453325 1.150775 
-0.845244 0.044289 
1.249453 -1.004423 
2.591950 -1.239198 
1.295223 0.562155 
-0.752366 1.332652 
-2.464585 0.820545 
-2.374827 -0.028149 
0.250223 -0.758042 
2.179625 -1.051601 
3.159481 -0.455633 
3.593974 0.703384 
2.446440 1.302333 
-2.833472 1.775591 
-5.000000 0.455916 
-4.534707 -1.366214 
-0.369973 -2.237108 
3.911821 -1.351856 
3.047135 -0.380481 
1.155610 0.860596 
-2.239165 1.481547 
-3.746316 1.211850 
0.498409 -0.578369 
3.761692 -2.096153 
5.000000 -2.576770 
0.291709 -1.752508 
-4.059993 0.788536 
-1.349875 2.936179 
3.042797 2.305152 
3.111690 -1.110668 
1.383634 -3.381732 
-1.165645 -4.519458 
-3.381536 -4.454726 
-3.442153 2.520678 
-1.240833 5.000000 
1.038463 0.487646 
1.455052 -3.610948 
0.048658 -5.000000 
-1.295067 -1.811554 
-1.525461 3.850690 
-1.398734 2.200320 
-0.025008 -0.286729 
1.252061 -2.266145 
1.305930 -3.251030 
-0.724189 0.058036 
-1.645715 2.926692 
-2.350471 1.460272 
-2.510831 -0.338729 
-1.559316 -1.815263 
-0.606333 -1.435469 
0.573478 1.290840 
1.400854 2.202367 
0.069243 -0.049181 
-1.221182 -2.004592 
-0.309095 -0.427888 
0.833707 1.066905 
1.154960 0.544365 
0.823922 -0.731074 
-0.802202 -1.665325 
