2.826044 0.162794 
2.754069 1.087871 
1.848723 1.596784 
0.890700 0.509162 
-0.290216 -0.727370 
-0.290216 -0.727370 
-0.290216 -0.727370 
-0.290216 -0.727370 
-0.290216 -0.727370 
-0.290216 -0.727370 
0.616873 -0.836651 
0.616873 -0.836651 
0.616873 -0.836651 
0.417230 -0.436930 
0.417230 -0.436930 
0.417230 -0.436930 
0.075791 -0.599557 
0.075791 -0.599557 
0.075791 -0.599557 
0.075791 -0.599557 
0.075791 -0.599557 
0.075791 -0.599557 
0.075791 -0.599557 
0.075791 -0.599557 
0.075791 -0.599557 
0.075791 -0.599557 
0.075791 -0.599557 
0.075791 -0.599557 
0.075791 -0.599557 
0.075791 -0.599557 
0.075791 -0.599557 
0.075791 -0.599557 
0.075791 -0.599557 
0.106970 0.454723 
0.106970 0.454723 
0.106970 0.454723 
0.094839 -0.243987 
0.094839 -0.243987 
0.094839 -0.243987 
0.094839 -0.243987 
0.094839 -0.243987 
0.094839 -0.243987 
0.094839 -0.243987 
0.094839 -0.243987 
0.094839 -0.243987 
0.094839 -0.243987 
0.118117 -0.072428 
0.118117 -0.072428 
0.118117 -0.072428 
0.118117 -0.072428 
0.118117 -0.072428 
0.118117 -0.072428 
0.118117 -0.072428 
0.118117 -0.072428 
0.118117 -0.072428 
0.118117 -0.072428 
0.118117 -0.072428 
0.118117 -0.072428 
0.118117 -0.072428 
0.118117 -0.072428 
0.118117 -0.072428 
0.118117 -0.072428 
0.118117 -0.072428 
0.118117 -0.072428 
0.118117 -0.072428 
0.118117 -0.072428 
0.118117 -0.072428 
0.118117 -0.072428 
0.118117 -0.072428 
0.118117 -0.072428 
0.118117 -0.072428 
0.118117 -0.072428 
0.118117 -0.072428 
0.118117 -0.072428 
0.118117 -0.072428 
0.118117 -0.072428 
0.118117 -0.072428 
0.118117 -0.072428 
0.118117 -0.072428 
0.118117 -0.072428 
0.118117 -0.072428 
0.118117 -0.072428 
0.118117 -0.072428 
0.118117 -0.072428 
0.118117 -0.072428 
0.118117 -0.072428 
0.118117 -0.072428 
0.118117 -0.072428 
0.118117 -0.072428 
0.118117 -0.072428 
0.118117 -0.072428 
0.118117 -0.072428 
0.118117 -0.072428 
0.118117 -0.072428 
0.118117 -0.072428 
0.118117 -0.072428 
0.118117 -0.072428 
0.118117 -0.072428 
0.118117 -0.072428 
0.118117 -0.072428 
