-1.422081 -0.587232 
0.469471 0.293187 
1.679381 1.171259 
1.510637 1.461428 
-0.319072 -0.606002 
-0.960423 -2.313954 
-0.988339 -1.915921 
0.207349 2.040679 
1.325105 4.749990 
0.947015 5.000000 
-0.513823 5.000000 
-1.507924 1.586511 
-0.063128 -2.532461 
1.722803 -4.803982 
2.131941 -2.212022 
0.845560 3.709666 
-0.764273 3.286086 
-1.112953 -2.485440 
-0.457170 -4.918343 
1.280757 -0.107894 
1.651214 4.585838 
1.720755 1.062552 
0.103514 -3.295991 
-1.227024 -1.262914 
-1.047359 0.613923 
-0.251072 2.037992 
0.574259 2.855714 
1.180306 2.658882 
0.776238 1.839102 
0.116978 0.909823 
-0.354399 -1.305865 
-0.081385 -2.267113 
0.317653 0.478911 
0.591910 2.695947 
0.149252 2.679927 
-0.232931 -1.069837 
-0.025542 -2.496648 
0.478953 -1.125713 
0.867136 2.182442 
0.404943 4.314725 
-0.217437 5.000000 
-0.122475 4.401173 
0.324208 -2.094628 
0.426980 -4.390575 
0.191727 1.171192 
-0.023207 5.000000 
-0.081989 5.000000 
0.232949 0.865859 
0.495609 -2.937173 
0.621863 -2.291752 
0.115170 2.631376 
-0.326273 5.000000 
0.007614 -0.260225 
0.303643 -4.844476 
0.202837 -1.064641 
-0.005362 3.465048 
-0.187231 3.722470 
-0.179537 -0.449718 
-0.083388 -4.063607 
0.085782 -4.203499 
0.087433 2.805439 
0.020769 5.000000 
-0.048980 1.818296 
-0.044501 -3.120564 
0.010986 -2.245892 
0.058090 0.596920 
0.021121 2.472806 
-0.013643 2.262498 
-0.044447 -0.666566 
-0.058523 -2.790660 
0.014151 -2.204217 
0.069789 0.552382 
0.098862 2.860935 
0.113818 4.823176 
-0.052304 5.000000 
-0.165013 1.089514 
0.016647 -2.577894 
0.172040 -4.213247 
0.041426 -3.790229 
-0.106672 2.714269 
-0.102331 5.000000 
0.037473 1.611017 
0.139164 -1.760957 
0.014168 -2.364659 
-0.119923 0.866530 
-0.191663 3.756831 
-0.107202 1.570650 
0.040405 -3.050436 
0.104323 -2.635903 
0.097060 -1.056491 
0.060945 1.641643 
-0.026898 1.397107 
-0.083657 -0.061525 
-0.066499 -1.339537 
-0.033279 -2.459522 
-0.014150 -0.316799 
-0.048001 2.052709 
-0.069539 2.747380 
-0.070272 2.709117 
-0.022046 -1.300870 
