-1.611685 0.659748 
0.200990 -0.080348 
-0.021562 -0.102184 
0.059435 -0.099699 
0.034100 -0.023233 
-0.019265 0.006424 
0.015303 -0.012544 
-0.009268 0.003340 
0.002177 -0.003313 
-0.000262 -0.000092 
-0.000067 0.000380 
-0.000205 0.000113 
-0.000139 0.000194 
-0.000069 0.000184 
-0.000120 0.000073 
-0.000002 0.000126 
-0.000068 -0.000035 
-0.000057 -0.000016 
-0.000033 0.000052 
-0.000035 0.000041 
-0.000018 0.000003 
-0.000016 0.000006 
0.000010 0.000006 
0.000001 0.000009 
0.000003 -0.000002 
-0.000000 -0.000001 
0.000000 -0.000001 
-0.000000 -0.000000 
-0.000000 0.000000 
-0.000000 -0.000000 
-0.000000 0.000000 
0.000000 -0.000000 
-0.000000 -0.000000 
-0.000000 -0.000000 
-0.000000 0.000000 
-0.000000 0.000000 
-0.000000 0.000000 
0.000000 0.000000 
-0.000000 -0.000000 
-0.000000 0.000000 
-0.000000 -0.000000 
-0.000000 0.000000 
0.000000 -0.000000 
-0.000000 -0.000000 
0.000000 0.000000 
0.000000 -0.000000 
0.000000 0.000000 
0.000000 -0.000000 
-0.000000 -0.000000 
0.000000 0.000000 
0.000000 -0.000000 
-0.000000 0.000000 
0.000000 -0.000000 
0.000000 0.000000 
0.000000 -0.000000 
-0.000000 -0.000000 
-0.000000 -0.000000 
-0.000000 0.000000 
0.000000 0.000000 
-0.000000 -0.000000 
-0.000000 0.000000 
-0.000000 0.000000 
0.000000 0.000000 
-0.000000 0.000000 
0.000000 0.000000 
-0.000000 0.000000 
