1.757487 2.793806 
0.221937 0.811165 
0.221937 0.811165 
0.221937 0.811165 
-1.473228 0.258502 
-0.365140 0.936452 
-0.365140 0.936452 
-0.365140 0.936452 
0.012360 -0.018918 
0.012360 -0.018918 
0.012360 -0.018918 
0.012360 -0.018918 
0.012360 -0.018918 
0.012360 -0.018918 
0.012360 -0.018918 
0.012360 -0.018918 
0.012360 -0.018918 
0.012360 -0.018918 
0.012360 -0.018918 
0.012360 -0.018918 
0.012360 -0.018918 
0.012360 -0.018918 
0.012360 -0.018918 
0.012360 -0.018918 
0.012360 -0.018918 
0.012360 -0.018918 
0.012360 -0.018918 
0.012360 -0.018918 
0.012360 -0.018918 
0.012360 -0.018918 
0.012360 -0.018918 
0.012360 -0.018918 
0.012360 -0.018918 
0.012360 -0.018918 
0.012360 -0.018918 
0.012360 -0.018918 
0.012360 -0.018918 
0.012360 -0.018918 
0.012360 -0.018918 
0.012360 -0.018918 
0.012360 -0.018918 
0.012360 -0.018918 
0.012360 -0.018918 
0.012360 -0.018918 
0.012360 -0.018918 
0.012360 -0.018918 
0.012360 -0.018918 
0.012360 -0.018918 
0.012360 -0.018918 
0.012360 -0.018918 
0.012360 -0.018918 
0.012360 -0.018918 
0.012360 -0.018918 
0.012360 -0.018918 
0.012360 -0.018918 
0.012360 -0.018918 
0.012360 -0.018918 
0.012360 -0.018918 
0.012360 -0.018918 
0.012360 -0.018918 
0.012360 -0.018918 
0.012360 -0.018918 
0.012360 -0.018918 
0.012360 -0.018918 
0.012360 -0.018918 
0.012360 -0.018918 
0.012360 -0.018918 
0.012360 -0.018918 
0.012360 -0.018918 
0.012360 -0.018918 
0.012360 -0.018918 
0.012360 -0.018918 
0.012360 -0.018918 
0.012360 -0.018918 
0.012360 -0.018918 
0.012360 -0.018918 
0.012360 -0.018918 
0.012360 -0.018918 
0.012360 -0.018918 
0.012360 -0.018918 
0.012360 -0.018918 
0.012360 -0.018918 
0.012360 -0.018918 
0.012360 -0.018918 
0.012360 -0.018918 
0.012360 -0.018918 
0.012360 -0.018918 
0.012360 -0.018918 
0.012360 -0.018918 
0.012360 -0.018918 
0.012360 -0.018918 
0.012360 -0.018918 
0.012360 -0.018918 
0.012360 -0.018918 
0.012360 -0.018918 
0.012360 -0.018918 
0.012360 -0.018918 
0.012360 -0.018918 
0.012360 -0.018918 
0.012360 -0.018918 
