-0.557052 -0.879648 
-0.467354 -0.230665 
-0.145889 0.526212 
-0.145889 0.526212 
-0.145889 0.526212 
-0.043762 -0.310373 
-0.043762 -0.310373 
-0.043762 -0.310373 
-0.043762 -0.310373 
-0.043762 -0.310373 
-0.043762 -0.310373 
-0.043762 -0.310373 
-0.008249 0.122402 
-0.008249 0.122402 
-0.008249 0.122402 
-0.008249 0.122402 
-0.008249 0.122402 
-0.008249 0.122402 
-0.008249 0.122402 
-0.008249 0.122402 
-0.008249 0.122402 
-0.008249 0.122402 
-0.008249 0.122402 
-0.008249 0.122402 
-0.008249 0.122402 
-0.008249 0.122402 
-0.008249 0.122402 
-0.008249 0.122402 
-0.008249 0.122402 
-0.008249 0.122402 
-0.008249 0.122402 
-0.008249 0.122402 
-0.008249 0.122402 
-0.008249 0.122402 
-0.008249 0.122402 
-0.008249 0.122402 
-0.008249 0.122402 
-0.008249 0.122402 
-0.008249 0.122402 
-0.008249 0.122402 
-0.008249 0.122402 
-0.008249 0.122402 
-0.008249 0.122402 
-0.008249 0.122402 
-0.008249 0.122402 
-0.008249 0.122402 
-0.008249 0.122402 
-0.008249 0.122402 
-0.008249 0.122402 
-0.008249 0.122402 
-0.008249 0.122402 
-0.008249 0.122402 
-0.008249 0.122402 
-0.008249 0.122402 
-0.008249 0.122402 
-0.008249 0.122402 
-0.008249 0.122402 
-0.008249 0.122402 
-0.008249 0.122402 
-0.008249 0.122402 
-0.008249 0.122402 
-0.008249 0.122402 
-0.008249 0.122402 
-0.008249 0.122402 
-0.008249 0.122402 
-0.008249 0.122402 
-0.008249 0.122402 
-0.008249 0.122402 
-0.008249 0.122402 
-0.008249 0.122402 
-0.008249 0.122402 
-0.008249 0.122402 
-0.008249 0.122402 
-0.008249 0.122402 
-0.008249 0.122402 
-0.008249 0.122402 
-0.008249 0.122402 
-0.008249 0.122402 
-0.008249 0.122402 
-0.008249 0.122402 
-0.008249 0.122402 
-0.008249 0.122402 
-0.008249 0.122402 
-0.008249 0.122402 
-0.008249 0.122402 
-0.008249 0.122402 
-0.008249 0.122402 
-0.008249 0.122402 
-0.008249 0.122402 
-0.008249 0.122402 
-0.008249 0.122402 
-0.008249 0.122402 
-0.008249 0.122402 
-0.008249 0.122402 
-0.008249 0.122402 
-0.008249 0.122402 
-0.008249 0.122402 
-0.008249 0.122402 
-0.008249 0.122402 
-0.008249 0.122402 
