-0.484722 2.232695 
-0.238222 1.706743 
0.023538 0.770289 
0.158605 -0.201377 
0.280165 -1.075877 
0.202954 -0.618712 
0.116673 -0.101668 
0.039021 0.363671 
0.001306 0.050720 
-0.023527 -0.293403 
-0.025041 -0.295559 
0.024948 0.064179 
0.039398 0.346990 
0.030511 0.354165 
-0.009738 -0.118514 
-0.034283 -0.486899 
-0.031186 -0.487111 
-0.027525 0.048817 
-0.006264 0.484917 
0.012131 0.403461 
0.005090 0.124752 
-0.023811 -0.317241 
-0.026390 -0.532625 
-0.008178 -0.060047 
0.009255 0.429542 
0.011225 0.126182 
-0.003972 -0.209681 
-0.017851 -0.422655 
-0.015824 -0.026337 
-0.009635 0.332225 
0.006080 0.114773 
0.009352 -0.213739 
-0.002025 -0.277375 
-0.012179 -0.020074 
-0.011309 0.211767 
-0.008927 0.088594 
-0.005256 -0.156722 
0.000937 -0.260965 
0.006111 -0.206750 
0.001327 -0.114465 
-0.004264 0.005089 
-0.009295 0.112688 
-0.006288 0.128278 
-0.002175 -0.021890 
-0.001457 -0.119628 
-0.004135 0.002676 
-0.006545 0.112749 
-0.005302 0.203023 
-0.002175 0.238606 
-0.001517 0.176098 
-0.003376 -0.003758 
-0.006134 -0.156554 
-0.006846 -0.177000 
-0.005359 -0.081144 
-0.003144 0.129936 
-0.001707 0.284115 
-0.003324 0.307124 
-0.005853 0.094344 
-0.005639 -0.191939 
-0.005315 -0.120166 
-0.004589 0.123673 
-0.003338 0.194798 
-0.003016 0.055131 
-0.003019 -0.129036 
-0.004879 -0.267502 
-0.005361 -0.087821 
-0.004951 0.093623 
-0.003408 0.174089 
-0.002482 -0.050765 
-0.003277 -0.237709 
-0.004788 -0.040296 
-0.005101 0.204598 
-0.004763 0.365547 
-0.003858 0.051447 
-0.003219 -0.317598 
-0.003642 -0.616962 
-0.004701 -0.178418 
-0.004846 0.318290 
-0.004894 0.518940 
-0.004854 0.120724 
-0.003534 -0.350811 
-0.002371 -0.253949 
-0.002031 0.244683 
-0.005250 0.497149 
-0.006800 0.391865 
-0.006833 -0.362703 
-0.004819 -0.401093 
-0.002919 0.203084 
-0.001797 0.688638 
-0.003448 0.608298 
-0.006054 0.151903 
-0.007897 -0.480785 
-0.004715 -0.606100 
-0.001076 -0.575083 
0.001105 0.354737 
0.000741 0.610720 
0.000162 -0.003061 
-0.000359 -0.555464 
-0.000151 -0.396622 
0.000333 0.174080 
