-0.557052 -0.879648 
-0.467354 -0.230665 
-0.145889 0.526212 
0.143431 1.207400 
0.266353 1.553482 
-0.043762 -0.310373 
-0.183462 -1.971407 
-0.147454 -0.405017 
0.112195 1.171812 
0.289603 1.988285 
0.360802 -0.928875 
0.281530 -3.480138 
-0.008249 0.122402 
-0.251027 3.269154 
-0.292157 3.801096 
0.051960 -0.755782 
0.290218 -4.281357 
0.253655 -3.031274 
-0.078522 2.572872 
-0.369926 5.000000 
-0.229145 5.000000 
0.114891 -1.758687 
0.286435 -4.696806 
0.196030 -1.523820 
-0.195734 2.811627 
-0.266803 1.804863 
-0.200012 -0.067162 
-0.124294 -1.582348 
0.091483 -0.322875 
0.192119 1.092438 
-0.059266 2.303734 
-0.264392 1.385107 
-0.242054 -1.125001 
-0.046792 -3.251582 
0.199707 -3.724874 
0.281330 1.178448 
-0.131334 4.244630 
-0.362152 4.737063 
-0.165364 4.792895 
0.244501 -1.139330 
0.267223 -5.000000 
-0.178736 -5.000000 
-0.273814 -1.825420 
-0.011517 2.608819 
0.232876 2.343418 
0.290149 1.079300 
-0.035734 -1.389912 
-0.300270 -2.074370 
-0.405642 -2.463472 
-0.152920 -1.565360 
0.191694 -0.626676 
0.484029 0.235442 
0.204206 0.934318 
-0.126379 0.357443 
-0.347688 -0.206456 
-0.410054 -0.602771 
0.251273 -0.529946 
0.633864 -0.020297 
0.159697 0.575969 
-0.507832 0.745133 
-0.827474 0.330349 
-0.034630 -0.110264 
0.706514 -0.381332 
0.155194 -0.242500 
-0.367405 0.406986 
-0.361620 0.854759 
-0.210758 0.883357 
0.229318 0.378429 
0.621310 -0.470803 
0.964314 -0.824115 
0.991738 -0.737197 
0.548424 0.739741 
-0.407707 1.931379 
-0.857134 2.524936 
-0.737373 1.848087 
-0.166793 -0.124474 
0.537107 -1.781801 
0.672590 -1.680510 
0.771518 -0.067857 
0.721066 1.412498 
0.296047 1.829785 
-0.434369 0.874658 
-0.854861 -0.635806 
-1.187756 -0.864377 
-1.247205 -0.876906 
-1.061968 0.670860 
0.660407 1.813990 
1.229168 2.426686 
1.530884 0.540704 
1.742393 -1.213680 
1.043853 -1.528387 
-1.314038 0.690054 
-3.121462 1.605349 
-4.287627 1.976626 
-4.005275 -0.775715 
-2.510829 -1.779929 
1.926051 -0.000164 
5.000000 1.696967 
4.971097 1.333891 
0.762759 0.513082 
