-1.422081 -0.587232 
0.469471 0.293187 
0.469471 0.293187 
0.469471 0.293187 
0.469471 0.293187 
0.469471 0.293187 
0.469471 0.293187 
0.469471 0.293187 
0.469471 0.293187 
0.469471 0.293187 
0.469471 0.293187 
0.469471 0.293187 
0.469471 0.293187 
0.469471 0.293187 
0.469471 0.293187 
0.469471 0.293187 
0.469471 0.293187 
0.469471 0.293187 
0.469471 0.293187 
0.469471 0.293187 
0.469471 0.293187 
0.469471 0.293187 
0.469471 0.293187 
0.469471 0.293187 
0.469471 0.293187 
0.469471 0.293187 
0.469471 0.293187 
0.469471 0.293187 
0.469471 0.293187 
0.469471 0.293187 
0.469471 0.293187 
0.469471 0.293187 
0.317653 0.478911 
0.317653 0.478911 
0.317653 0.478911 
0.317653 0.478911 
0.317653 0.478911 
0.317653 0.478911 
0.317653 0.478911 
0.317653 0.478911 
0.317653 0.478911 
0.317653 0.478911 
0.317653 0.478911 
0.317653 0.478911 
0.317653 0.478911 
0.317653 0.478911 
0.317653 0.478911 
0.317653 0.478911 
0.317653 0.478911 
0.317653 0.478911 
0.317653 0.478911 
0.317653 0.478911 
0.007614 -0.260225 
0.007614 -0.260225 
0.007614 -0.260225 
0.007614 -0.260225 
0.007614 -0.260225 
0.007614 -0.260225 
0.007614 -0.260225 
0.007614 -0.260225 
0.007614 -0.260225 
0.007614 -0.260225 
0.007614 -0.260225 
0.007614 -0.260225 
0.007614 -0.260225 
0.007614 -0.260225 
0.007614 -0.260225 
0.007614 -0.260225 
0.007614 -0.260225 
0.007614 -0.260225 
0.007614 -0.260225 
0.007614 -0.260225 
0.007614 -0.260225 
0.007614 -0.260225 
0.007614 -0.260225 
0.007614 -0.260225 
0.007614 -0.260225 
0.007614 -0.260225 
0.007614 -0.260225 
0.007614 -0.260225 
0.007614 -0.260225 
0.007614 -0.260225 
0.007614 -0.260225 
0.007614 -0.260225 
0.007614 -0.260225 
0.007614 -0.260225 
0.007614 -0.260225 
0.007614 -0.260225 
0.007614 -0.260225 
0.007614 -0.260225 
0.007614 -0.260225 
0.007614 -0.260225 
-0.083657 -0.061525 
-0.083657 -0.061525 
-0.083657 -0.061525 
-0.083657 -0.061525 
-0.083657 -0.061525 
-0.083657 -0.061525 
-0.083657 -0.061525 
-0.083657 -0.061525 
