0.043001 -0.058992 
1.762627 -0.896268 
1.742149 -0.930723 
-0.015259 -0.036561 
-0.075503 -0.057527 
-1.782220 0.912290 
0.006775 -0.046388 
1.782495 -0.805231 
-0.007050 0.116367 
0.032746 0.034272 
-1.759667 0.908658 
1.759270 -0.934843 
0.028016 0.045656 
-0.061007 -0.009430 
-0.050966 0.014588 
1.785943 -0.851772 
-0.007233 -0.163244 
1.754692 -0.997772 
-1.742241 0.719077 
-0.055513 0.070345 
-0.022279 0.002686 
-0.025910 0.035676 
0.027223 0.027894 
0.056825 0.059816 
1.717643 -0.771020 
1.739891 -0.832331 
0.074709 -0.103580 
1.743309 -0.845027 
-0.038057 0.109348 
0.041749 -0.030915 
-0.018647 0.091220 
-0.030427 0.028596 
-0.071993 0.141270 
-0.076632 0.075533 
1.779717 -0.886074 
-1.751701 0.825159 
0.001984 0.064913 
0.040468 -0.150029 
0.104587 0.061068 
0.042573 0.059175 
0.051546 0.054231 
0.055422 -0.147588 
-1.773949 0.790887 
-0.087374 -0.007538 
-1.730888 0.863552 
-1.720725 0.885067 
0.099796 -0.070009 
-0.033357 -0.132298 
-0.003815 -0.076388 
-1.770287 0.709525 
-0.036988 0.105777 
-1.752709 0.923154 
-0.098453 -0.005371 
0.044435 0.044374 
1.776605 -0.764306 
-1.715964 0.984924 
-1.798547 0.853572 
-1.757744 0.949797 
-0.017457 0.060183 
0.059877 -0.019074 
-0.010041 0.032319 
1.782830 -0.924100 
0.102329 -0.050447 
0.066164 -0.002503 
1.771722 -0.863308 
0.011658 0.088137 
0.012513 0.021363 
0.069643 -0.163945 
1.741356 -0.852962 
0.052553 -0.016480 
-1.690970 0.820887 
0.011017 -0.048433 
-0.070711 0.112583 
-0.004303 -0.010285 
1.768761 -0.785333 
-0.071963 -0.033937 
-0.015931 0.089236 
0.080111 -0.139500 
-0.103000 0.169652 
0.069796 0.019959 
1.698508 -0.814692 
-1.737053 0.844508 
1.694082 -0.749535 
1.735527 -0.888882 
1.756523 -0.882839 
0.032380 -0.118381 
1.768487 -0.901456 
-0.013092 0.079318 
1.756188 -0.858211 
0.014161 0.154729 
1.767876 -0.966582 
-0.042695 0.058016 
-0.016480 0.012696 
0.081088 0.027558 
1.700308 -0.977081 
1.736106 -0.725211 
1.764580 -0.914640 
-0.099124 0.063112 
0.005737 0.130314 
-1.741386 0.902738 
0.033082 0.003174 
-0.153996 0.001099 
-0.006073 0.043855 
-1.743034 0.872280 
-0.063326 -0.037751 
-0.010468 -0.024354 
-0.079409 -0.000916 
-1.766442 0.830927 
0.024751 0.113010 
0.024628 0.033723 
0.052187 0.009827 
1.630329 -0.804071 
1.780908 -0.994201 
-0.053896 0.009888 
0.003784 0.056215 
-0.032502 -0.075045 
0.075747 -0.033967 
-0.132511 0.098086 
1.744682 -0.859523 
-0.019105 0.052065 
0.048524 -0.004578 
-0.019379 -0.022980 
1.727348 -0.829371 
1.739860 -0.937651 
0.012604 0.129063 
-0.036317 0.079775 
-0.052461 0.026460 
-0.013062 -0.068911 
0.031281 -0.088473 
-0.004639 -0.144902 
-0.040407 -0.044984 
-0.087649 -0.123234 
0.022645 -0.049562 
0.034120 0.046876 
0.051149 0.018677 
-1.731498 0.794885 
-1.740165 0.782678 
0.064058 -0.068880 
0.024751 0.055147 
1.731407 -0.989380 
-1.795557 0.907956 
1.761834 -0.983673 
0.043428 -0.016144 
1.745964 -0.858730 
1.809259 -0.924162 
0.041322 -0.016480 
1.763268 -0.848872 
-1.786523 0.805353 
1.719443 -0.878292 
0.103671 -0.149388 
1.717795 -0.942686 
-0.011261 -0.122105 
-1.747154 0.974059 
-1.767327 0.851772 
1.779351 -0.895657 
0.006073 -0.129246 
1.720023 -0.877529 
0.011048 -0.091861 
1.688009 -0.749504 
0.050752 -0.068087 
-0.089145 0.053316 
0.087863 0.038057 
-0.008881 0.103244 
-1.772546 1.014588 
-0.077853 0.077578 
-0.029847 0.016175 
1.738365 -0.886410 
-1.722709 0.819117 
-1.734458 0.768242 
1.780450 -0.893521 
-1.738639 0.882717 
0.025300 -0.010041 
0.016144 -0.022309 
0.052767 -0.009552 
-0.019807 0.066469 
0.057802 -0.031983 
0.020997 0.029237 
-0.025544 0.162206 
0.038942 0.058351 
1.765038 -0.798090 
-1.735527 0.705466 
-1.774957 0.929899 
1.722495 -0.938169 
0.126469 -0.155278 
1.787805 -1.030763 
1.724754 -0.795343 
0.142308 -0.071810 
-0.006012 0.053285 
-1.790124 0.961119 
0.040162 -0.021058 
-0.024293 0.130253 
-0.106143 0.108524 
-1.757805 0.908963 
-1.753136 0.830805 
0.008301 -0.065371 
-0.037507 0.064669 
-0.010926 0.019776 
0.096530 -0.111362 
1.751396 -0.883999 
-1.707144 0.901578 
-0.021027 0.030488 
-0.063234 -0.065249 
0.066927 0.091159 
-1.701712 0.881008 
-1.773858 0.812769 
-1.759514 0.934904 
-0.026582 -0.001801 
0.024781 -0.049379 
1.733879 -0.816187 
0.078463 -0.202795 
-1.741630 0.834681 
0.026368 0.013977 
1.789117 -0.933744 
-0.000214 0.008454 
1.732170 -0.858852 
0.020905 0.218177 
0.052919 0.039796 
-0.048830 0.009400 
0.036073 0.045167 
0.030702 -0.125797 
0.099246 -0.025941 
-0.001862 0.007141 
0.023927 -0.144536 
-1.745354 0.897488 
-1.755089 0.912656 
1.769311 -0.799188 
-1.737419 0.827662 
1.785699 -0.840724 
-0.007782 0.176122 
-0.072695 0.077761 
0.026734 -0.036622 
-1.766808 0.736991 
1.725028 -0.797571 
-1.800287 0.835108 
1.729484 -0.965606 
0.017945 -0.009461 
0.016297 0.024110 
1.724326 -0.814508 
1.718802 -0.982269 
-0.002960 0.028535 
1.717643 -0.922758 
0.011872 -0.091708 
1.761925 -0.855037 
0.033448 -0.114322 
-0.034364 0.078738 
1.758568 -0.923887 
-0.031007 -0.047121 
1.726127 -0.585833 
1.755028 -0.764824 
1.771508 -0.868343 
1.788324 -0.834132 
0.047487 0.031068 
-1.757286 0.885922 
-0.090121 0.037812 
-0.044160 0.146641 
-0.091952 0.138829 
1.727958 -0.910276 
0.097232 0.092410 
-0.041963 0.063326 
1.780023 -0.803552 
1.744011 -0.777367 
0.031953 0.102023 
0.004212 0.104740 
1.727775 -0.790246 
0.050783 0.004151 
1.701224 -0.841029 
1.723716 -0.916379 
1.776574 -0.794977 
0.007660 0.087008 
-0.151189 0.163640 
1.720450 -0.841029 
-0.070132 0.122257 
-0.065889 -0.001129 
-0.036592 0.170324 
-0.023804 0.014405 
-1.808222 0.847255 
1.696951 -1.010529 
-0.054384 -0.031861 
1.704398 -0.914640 
1.810297 -0.978301 
1.747337 -1.042177 
-0.006012 0.042879 
-1.764214 0.882900 
1.750816 -0.839717 
-0.024506 0.004303 
-0.101199 0.135868 
-0.050996 -0.039033 
-0.000153 -0.005646 
0.047609 -0.029420 
-0.031129 -0.132878 
1.734794 -0.860866 
1.732200 -0.741813 
-1.735130 0.831111 
1.757225 -0.979797 
0.026978 0.051698 
-0.063478 0.103763 
-1.788934 1.003021 
-1.756584 0.952544 
-1.727134 0.935606 
-0.086367 0.040101 
-0.013001 -0.013611 
0.013245 0.027284 
1.769402 -0.928434 
1.782952 -0.810450 
0.032258 -0.067904 
0.005799 0.015992 
-0.055910 0.053102 
-1.773400 1.001221 
0.089022 -0.083651 
1.715201 -0.927091 
0.000000 -0.050478 
-0.063540 0.038453 
1.730644 -0.939116 
0.073000 -0.169469 
-0.017426 0.028230 
1.715964 -0.820429 
-0.025422 -0.198645 
-0.019532 0.000488 
-1.744255 0.836207 
-1.751396 0.794885 
-0.054628 -0.040284 
-0.050325 0.100253 
-1.704581 0.743767 
-1.766625 0.878353 
1.787042 -0.859584 
0.053194 0.153294 
-1.769677 1.067995 
0.052950 -0.028657 
0.006592 0.039247 
-1.723746 0.883938 
-0.061495 -0.010529 
-0.065767 -0.022248 
-0.038331 0.026978 
-0.080294 0.123051 
0.093204 0.006592 
1.780175 -0.932310 
-0.002838 -0.089816 
-1.830012 0.919095 
-1.762993 0.869350 
0.058748 0.176794 
0.010285 -0.077181 
-0.003143 -0.048311 
1.652730 -0.951842 
-1.742759 0.946226 
1.758080 -0.754997 
-0.046571 0.015259 
1.711661 -0.772973 
0.145024 -0.066652 
0.028016 0.042665 
0.060457 -0.033113 
-0.039918 0.043397 
0.007721 -0.041292 
1.768883 -0.901059 
-1.746391 0.872280 
-0.068941 0.123692 
-0.047243 0.007202 
-1.760582 0.893674 
0.113590 -0.063295 
0.008820 -0.113437 
1.769433 -0.814264 
-1.707297 0.911008 
1.764855 -0.945372 
1.718986 -0.769433 
-1.700247 0.881985 
0.026856 -0.057009 
1.732139 -0.813715 
-1.776482 0.726341 
0.001526 0.016602 
0.045686 -0.087130 
-0.029389 0.105625 
-0.004822 0.047060 
1.780267 -0.866848 
0.006684 0.091708 
-0.033204 0.018250 
0.061800 -0.003449 
1.721580 -0.788934 
1.732871 -0.921018 
1.779260 -1.005371 
0.054445 -0.113468 
-0.044435 0.055300 
-0.039369 -0.006653 
0.040193 0.036103 
0.072085 0.075747 
-0.071230 0.063906 
-1.789178 0.812159 
-0.043092 -0.034730 
-0.007599 0.107517 
0.071932 0.092380 
1.815638 -0.918516 
0.015534 -0.085116 
-1.729148 0.841914 
0.016541 -0.109684 
-0.005921 -0.001465 
-0.002503 0.014527 
-1.731437 1.126621 
-1.765740 0.875637 
-0.053102 0.029542 
0.109836 -0.036836 
-0.034822 0.028291 
1.745079 -0.775628 
-0.009827 -0.027375 
-0.064364 -0.131382 
0.129460 0.017762 
1.745140 -0.844600 
0.000580 0.019135 
-1.729881 0.835444 
0.074282 0.031861 
1.718650 -0.898679 
-0.038606 0.060335 
-0.032807 0.047823 
0.018281 -0.035981 
-0.039003 0.122562 
0.003113 0.007324 
-1.712271 0.880764 
0.059481 -0.066988 
0.101627 0.207465 
-0.106693 0.018921 
-1.760887 0.804987 
-0.000977 0.027833 
-0.062563 0.018494 
-1.688101 0.897427 
-0.093234 0.116672 
-1.745628 0.787713 
0.015564 0.036134 
0.000549 0.008545 
-0.009430 -0.053316 
-0.058565 0.077731 
1.743522 -0.777184 
1.785882 -0.873074 
-0.048097 -0.049562 
-1.784173 0.874172 
-1.735496 0.905332 
1.725455 -0.822901 
0.041932 0.034913 
-1.789819 0.992492 
1.728294 -0.813227 
-0.018555 -0.143132 
-1.703269 0.863826 
-0.099979 0.000000 
0.111301 -0.176122 
1.799707 -0.909238 
-0.064699 0.047304 
1.752617 -0.873562 
1.776269 -0.952269 
-1.727134 0.824091 
1.731925 -0.892300 
-0.003906 0.063906 
1.739036 -0.854854 
-1.762444 0.825343 
-1.746544 0.816767 
0.083926 0.057863 
0.057741 -0.072054 
0.077303 0.051851 
-1.739341 0.788324 
0.030702 -0.079592 
1.771233 -0.862026 
0.062044 -0.139988 
0.048036 -0.029725 
0.030885 -0.113529 
-1.772759 0.860439 
-1.770714 0.850887 
-1.780023 0.846095 
1.750816 -0.828669 
-1.736991 0.869961 
-1.760308 0.771874 
0.002838 0.056124 
-1.714652 0.900357 
-0.005127 0.012879 
0.039186 -0.019044 
-0.044465 0.135350 
1.766778 -0.947172 
-1.763939 0.942198 
-1.792718 1.017243 
-0.039125 -0.049806 
-0.037324 -0.009003 
-0.046876 -0.049989 
0.049593 0.028840 
-1.753014 0.926817 
0.020905 0.053621 
-1.777001 0.798151 
0.036866 -0.078127 
1.721061 -0.774804 
-0.170263 0.132359 
0.034211 0.045747 
0.008545 0.148808 
-0.066836 0.132694 
-0.036927 0.040956 
0.005524 0.066012 
0.040376 -0.019257 
-0.030549 -0.025178 
1.744133 -0.834498 
1.746422 -0.851863 
1.801660 -0.961241 
-0.024781 0.080172 
-0.023682 -0.120487 
-0.029878 -0.007599 
0.057131 -0.081240 
-0.022126 0.123020 
-1.791498 0.843043 
-1.753746 0.771722 
0.077609 0.027375 
0.018159 -0.077364 
1.702597 -0.802911 
0.113834 -0.086734 
1.756981 -0.890683 
0.009339 0.043275 
-0.038881 -0.010010 
0.062044 0.035920 
0.076632 0.043245 
-0.036958 0.014008 
-0.013215 -0.067476 
-1.743797 0.841853 
0.026521 0.030427 
-0.053529 -0.085879 
0.074160 -0.008972 
1.772088 -0.902310 
-0.030366 0.037263 
0.073275 -0.174352 
-1.748527 0.805078 
-0.025819 0.139775 
1.777184 -0.855647 
1.765587 -1.003906 
-0.019410 -0.177313 
-0.009644 0.086825 
-0.053011 0.056734 
1.740440 -0.717765 
1.779931 -0.869808 
1.711417 -0.809473 
1.771691 -0.937376 
0.030030 -0.019898 
-0.056948 -0.249641 
-0.096530 0.058809 
-0.013276 -0.076022 
-0.052919 0.002380 
-0.061068 0.108066 
1.772240 -0.887204 
0.091006 -0.080508 
1.729240 -0.714072 
0.088809 -0.172979 
1.738975 -0.897641 
-0.088321 0.071596 
-1.739555 0.957305 
1.684011 -0.801538 
0.033357 -0.009980 
1.783776 -0.711173 
-0.000214 0.058657 
-0.033692 -0.104190 
0.002197 0.034913 
-1.723075 1.019990 
-0.020020 0.040040 
1.753624 -0.897519 
0.050081 -0.032319 
1.732017 -0.858882 
-0.033967 -0.131443 
1.730247 -0.829279 
1.774682 -0.834284 
1.778008 -0.977386 
1.732871 -0.748894 
-0.005829 0.088473 
-1.761284 0.827296 
-0.049928 0.101382 
-0.030610 -0.035005 
0.022523 0.035768 
1.732475 -0.841151 
1.747490 -1.009339 
0.090365 -0.051607 
-1.748772 0.916349 
1.729331 -0.739921 
-1.745781 0.881619 
-0.022889 0.032105 
0.103244 -0.104343 
1.769890 -0.874477 
0.011933 -0.015351 
1.737999 -0.837336 
-0.033174 0.067232 
0.084353 -0.132878 
-0.114963 0.106906 
0.034211 0.120518 
0.083804 -0.030152 
1.738945 -0.961882 
0.001770 0.095584 
1.735496 -0.841060 
-0.024934 0.012055 
-0.070742 0.063723 
0.010407 -0.019562 
-1.730247 0.813471 
1.740745 -0.847102 
-0.120609 -0.018006 
-0.019410 -0.045534 
0.094516 -0.005402 
1.798914 -1.004334 
-0.049257 0.158147 
1.738212 -0.933866 
0.012299 -0.015168 
-0.016572 -0.094882 
-0.081179 0.015137 
0.005005 -0.023011 
-1.760002 0.850063 
0.122288 -0.056978 
-1.754997 0.856410 
1.764824 -0.899014 
1.774316 -0.827631 
-0.030885 0.079775 
-0.051424 0.080782 
0.003998 -0.084078 
-0.027406 0.015992 
0.012940 0.096255 
0.048067 -0.082858 
0.066408 -0.046571 
1.783288 -1.022095 
0.034089 -0.057955 
1.779443 -0.943480 
0.049623 0.067934 
0.070254 -0.080569 
1.718131 -0.753929 
0.023499 -0.028932 
-1.732444 0.741386 
-1.788873 0.901151 
-1.769524 0.929777 
0.043916 -0.097140 
-1.727256 0.952757 
-1.772759 0.797571 
0.027070 -0.066073 
-1.694906 0.890072 
1.731803 -0.853847 
-0.010315 0.072909 
0.069643 0.022401 
1.703818 -1.025086 
0.087558 -0.013764 
-0.059389 0.007752 
-0.013672 -0.013977 
-0.051057 -0.037690 
-0.014771 0.138554 
0.059877 -0.075686 
-0.055086 -0.009919 
1.770837 -0.948790 
-0.020142 -0.023438 
-1.739402 0.967467 
-0.070467 -0.076632 
-1.713492 0.903684 
1.647145 -0.794519 
1.730064 -0.804559 
-1.767113 0.852962 
0.070589 -0.059969 
-1.720511 0.772057 
0.028138 0.041688 
0.022126 -0.103000 
-0.046327 -0.045961 
-1.754997 0.829920 
-1.726249 0.920621 
0.031770 -0.056368 
-0.030793 0.009552 
-0.022889 0.103092 
1.769738 -0.774102 
0.045473 0.077395 
-0.000061 0.064638 
-1.772942 0.865871 
1.736473 -0.790460 
1.724662 -0.781030 
-1.766472 0.964995 
0.053682 0.017182 
-0.002747 -0.002197 
1.701041 -0.742210 
0.094821 -0.006623 
0.048524 0.067019 
-0.022675 -0.033357 
-0.069552 0.079012 
1.740898 -0.867580 
0.060366 0.009095 
-0.080630 0.156926 
-1.709586 0.793390 
0.024842 -0.003143 
-1.765038 0.717887 
0.089663 -0.120304 
-0.023713 0.028169 
0.064455 0.056032 
0.082583 -0.069216 
0.081637 -0.168920 
1.761162 -0.923978 
0.035127 0.125034 
-0.022217 0.143742 
-0.085391 0.074343 
-0.048585 0.097598 
-0.048006 0.138462 
-1.719932 0.798334 
1.782128 -0.878048 
0.055483 0.088076 
-0.044191 0.118656 
-0.091067 -0.034364 
1.743034 -0.935606 
0.035768 0.112369 
-0.001526 0.032350 
0.023835 -0.042756 
0.050233 -0.067263 
-1.700278 0.783715 
0.020753 -0.037294 
-0.100345 -0.020631 
0.039888 0.056063 
-0.014344 0.008972 
0.008576 -0.017243 
-1.683737 0.830500 
-1.751183 0.807245 
-0.055025 0.002777 
0.024964 -0.073244 
-0.107639 0.136509 
1.774987 -1.004273 
0.091311 0.009461 
1.755699 -0.810541 
1.725578 -0.915311 
1.739433 -0.944121 
1.703787 -0.774316 
0.025819 -0.131413 
0.053743 0.045320 
1.712943 -0.950957 
-0.011170 0.081606 
1.726493 -0.887478 
1.763573 -0.900632 
-0.001892 -0.048097 
-1.725883 0.926664 
-0.024232 -0.073183 
-0.073122 0.104556 
-1.734458 0.744743 
-1.697745 0.890652 
-1.764000 1.028504 
1.746422 -0.872921 
0.022187 -0.027131 
-0.086276 0.001862 
1.781213 -0.774407 
-0.091281 0.077364 
-1.729240 0.840541 
-1.753624 0.901242 
-0.047090 0.008576 
-1.710990 0.884854 
-1.741508 0.908414 
-0.121525 0.121769 
1.747490 -0.834681 
-0.003998 -0.079928 
-0.002747 0.120426 
-0.017487 0.128147 
0.029939 -0.064608 
1.737877 -0.924192 
0.013092 0.047884 
1.764763 -0.989898 
-0.085421 0.115360 
0.082705 -0.100101 
-1.743919 0.906186 
-1.755364 0.740318 
0.040590 -0.030702 
-0.128117 -0.009522 
0.073916 -0.028260 
1.683065 -0.897153 
-0.077212 0.118595 
-1.796838 0.832484 
1.710349 -0.966247 
0.060060 -0.011170 
-0.009064 -0.033113 
-0.084658 0.018372 
1.723136 -0.818445 
0.069796 0.050630 
1.698416 -0.880703 
-1.765160 0.842769 
0.136296 -0.173650 
1.736167 -0.871090 
0.033326 0.047060 
-0.027070 0.003388 
-0.016724 -0.103092 
-1.765862 0.932035 
-0.075930 0.148564 
0.083163 -0.001373 
0.033937 0.153325 
-0.075777 0.107028 
-0.012268 0.080508 
-0.002197 -0.028260 
1.759392 -0.818751 
1.734764 -0.761589 
0.106235 -0.157384 
-0.019196 0.038423 
-0.062380 0.026612 
-0.039705 -0.037263 
-0.043672 0.136753 
-1.750450 0.887753 
-1.737785 0.897305 
-1.746178 0.801202 
0.053468 -0.010437 
-0.134404 0.081545 
0.060701 0.012879 
-1.781304 0.876614 
1.759117 -0.830134 
1.767022 -0.932340 
0.026368 0.071413 
-0.017060 -0.057009 
-1.705649 0.845027 
-1.754295 0.712760 
0.037324 0.128941 
0.039125 -0.172185 
-0.031831 -0.034516 
1.835200 -0.864467 
0.039583 0.018891 
1.783288 -0.824122 
0.069094 0.033815 
-0.027711 0.007447 
1.680898 -0.790185 
0.001923 0.086886 
-1.740226 0.863186 
0.082919 0.092318 
-0.049104 0.091220 
-0.018311 0.073183 
-1.761864 1.022034 
-1.755089 0.727958 
0.003632 -0.119541 
-1.757988 0.738365 
1.730033 -0.803125 
-1.705832 0.737114 
0.063173 0.012940 
-0.070345 -0.034822 
-0.001099 0.039125 
0.029084 -0.026399 
-0.016358 -0.041383 
-0.004364 -0.055635 
-1.762535 0.965636 
-1.711295 0.836512 
-0.070254 0.057192 
-0.090182 0.033235 
-1.741142 1.007477 
-0.003204 -0.071871 
-1.783349 0.819391 
0.016419 0.098514 
-0.006226 0.086856 
1.740135 -0.911863 
-1.745170 0.953276 
-0.009766 0.010437 
-0.020234 -0.068941 
-0.008942 0.030366 
-0.011994 0.146031 
0.106326 -0.071169 
-0.102268 0.089938 
-1.630909 0.889981 
1.740013 -0.839656 
0.029542 0.097659 
-0.066683 -0.010712 
0.003052 0.117862 
-1.754204 1.005768 
0.043611 -0.105625 
-1.790674 0.872860 
-0.037294 0.009461 
0.019105 0.007508 
0.019684 0.051607 
1.722770 -0.900845 
1.688955 -0.957793 
-1.742241 0.971770 
1.777459 -0.820826 
-0.034639 -0.022675 
-1.758507 0.780877 
-0.065889 0.006012 
1.776727 -0.832118 
-0.022492 0.045137 
0.094424 -0.061159 
0.003662 0.034913 
-1.742332 0.960082 
0.073946 -0.200171 
1.709342 -0.747093 
1.760399 -0.970702 
1.684042 -0.755852 
-1.723502 0.932768 
1.739433 -1.023286 
1.748619 -0.951659 
-1.706961 0.761986 
-0.015320 0.045351 
0.006134 0.054781 
0.032716 0.091800 
-1.753380 0.788446 
-1.757897 0.911771 
-0.017762 0.019654 
1.752281 -0.834956 
-0.029145 -0.063814 
-1.768639 0.857601 
-0.018616 0.016053 
0.050630 0.011994 
0.048494 0.038423 
1.695608 -0.864162 
0.071474 -0.094729 
0.059877 0.040040 
1.761559 -0.730461 
-1.770501 0.741722 
1.728385 -0.869411 
-0.077639 0.093265 
-0.072756 0.206793 
-0.006226 0.079287 
-0.058596 0.084109 
0.003845 0.122501 
0.035951 -0.042604 
1.703207 -0.961974 
-1.715049 0.814081 
-1.712149 0.769738 
-0.000244 0.018738 
0.008393 0.025788 
1.764855 -0.941527 
-1.726768 1.036561 
-0.028657 0.059297 
-1.759941 0.801843 
0.124546 -0.086398 
0.028199 -0.000061 
-0.066805 -0.010590 
0.059114 0.001617 
-1.704398 0.836390 
0.001434 -0.015351 
1.724815 -0.772759 
-0.002319 -0.056459 
1.774590 -0.942351 
-0.017426 -0.052828 
-1.765343 0.845943 
-1.708853 0.813807 
-0.003693 0.018891 
-0.049471 -0.084048 
0.027375 0.009919 
0.020844 0.088351 
0.004273 -0.060121 
0.194494 -0.126560 
-0.010346 -0.091159 
-0.043428 0.046236 
-0.049409 0.075716 
-1.790948 0.804651 
-0.020325 -0.013245 
-0.033479 -0.002777 
0.017914 -0.062105 
-0.018220 0.044160 
-1.745903 0.763634 
-1.769494 0.730155 
-1.767022 1.000885 
0.032014 0.100742 
-1.796442 1.003784 
0.037629 0.029817 
1.709037 -0.774987 
-0.084658 0.078310 
1.739494 -0.831507 
1.779992 -0.751030 
-0.076846 0.208502 
-0.062380 -0.060488 
0.089022 0.015839 
-0.005097 0.032136 
-0.013398 0.078829 
1.790246 -0.802850 
0.099033 -0.064364 
1.763359 -0.748802 
-0.024659 -0.130314 
0.047792 0.101627 
-0.026368 0.009156 
-0.033082 0.007813 
1.792718 -1.011383 
-0.103916 -0.001373 
1.687918 -1.090976 
1.723869 -1.011383 
-0.000488 -0.013916 
-1.705374 0.867946 
0.058931 0.008820 
1.735801 -0.855037 
-1.719199 0.866634 
-0.064516 0.098636 
1.762047 -0.918577 
0.050844 -0.020142 
0.041169 0.007172 
-0.047029 -0.054353 
-0.058992 -0.001556 
0.013886 0.036409 
1.720237 -0.828242 
-1.738701 0.848109 
1.752007 -0.958647 
-0.053041 -0.018891 
0.036836 0.040193 
0.025178 0.019929 
-1.734306 0.834742 
0.045595 -0.140263 
0.005310 -0.018860 
1.766900 -0.932402 
1.756157 -0.833644 
-0.037599 0.085696 
0.051912 0.025788 
-0.055513 0.112033 
0.060244 -0.142094 
0.036653 0.083529 
0.033906 -0.039644 
1.739311 -0.917936 
-0.035615 -0.018891 
1.786859 -0.999603 
-0.026246 -0.087527 
1.743217 -0.890164 
-0.028047 -0.013398 
-1.732749 0.715018 
-0.012207 0.018128 
-0.056948 0.044679 
-0.065737 -0.075503 
-0.036653 -0.029389 
-0.053682 -0.013337 
0.068667 -0.025330 
0.068392 0.006195 
-1.750572 0.785211 
1.789850 -0.910550 
-1.773675 0.920682 
1.718863 -0.790063 
0.005737 -0.041078 
