-0.012614 0.007019 
-0.040030 -0.016734 
-0.018209 0.012716 
-0.036266 0.034028 
-0.012563 0.036877 
0.023296 0.025229 
-0.042573 -0.002492 
-0.022279 -0.009156 
0.022991 -0.075177 
0.001831 0.026449 
0.009512 0.043591 
-0.002441 -0.057985 
0.037639 -0.009969 
-0.022482 0.000102 
-0.066123 -0.038860 
-0.002035 -0.005392 
0.022024 -0.010427 
-0.023448 0.031078 
0.027924 -0.073295 
-0.027721 -0.005849 
0.006256 -0.050101 
0.011139 -0.029349 
-0.010529 -0.034944 
-0.051729 0.001272 
0.047049 -0.026195 
-0.050559 0.029806 
0.004476 0.017904 
-0.008698 0.024364 
0.029705 -0.022991 
-0.018260 -0.018820 
0.028535 -0.005341 
0.057629 0.014089 
-0.040793 0.077924 
-0.012869 -0.040742 
0.051576 0.019735 
0.021312 -0.013326 
-0.025229 -0.019125 
-0.027161 0.000458 
0.027772 0.060630 
-0.010020 0.083570 
-0.046083 -0.013225 
0.007019 0.044557 
-0.006968 -0.078890 
-0.012818 -0.027670 
0.000051 0.011038 
0.012920 0.043540 
-0.026602 -0.069023 
-0.039267 0.061851 
-0.064445 0.049084 
0.018006 -0.014852 
0.018413 -0.067039 
-0.063173 0.056968 
-0.011699 -0.055442 
-0.029196 -0.019939 
-0.068870 -0.104882 
-0.042929 -0.027365 
0.055035 -0.060223 
0.032248 -0.121515 
0.077822 -0.109867 
-0.068005 0.019481 
-0.031231 -0.005900 
-0.104933 0.062614 
-0.035758 -0.035656 
-0.041200 0.006968 
-0.060834 0.090843 
-0.006663 0.076449 
-0.000203 -0.012614 
-0.031841 0.033876 
-0.038402 -0.011241 
0.007579 -0.039420 
-0.010987 -0.003866 
-0.012665 0.016734 
0.047151 -0.045930 
0.001322 0.011190 
0.051220 -0.012258 
0.013428 0.019735 
-0.004476 -0.008698 
-0.010275 -0.038962 
-0.021668 0.039572 
-0.062817 0.043082 
0.013123 0.039674 
-0.045625 -0.110223 
-0.013123 0.000610 
-0.033621 0.107883 
-0.078890 -0.005544 
-0.001170 -0.023550 
-0.001068 0.021312 
-0.022329 0.080823 
-0.024313 0.019125 
0.020498 -0.006968 
-0.085655 0.009410 
0.031129 -0.082298 
0.056612 -0.048168 
0.026704 -0.101067 
-0.014496 -0.008037 
-0.017243 0.067395 
0.016989 0.010580 
0.007884 -0.015920 
-0.022940 -0.004730 
-0.063784 0.062868 
-0.027161 -0.083214 
0.032400 -0.045117 
-0.028535 0.070956 
0.038199 0.006358 
-0.089826 0.059206 
0.024923 -0.033469 
0.005799 -0.047711 
-0.002035 0.043845 
0.015717 -0.108697 
-0.002289 0.056408 
0.058239 -0.060783 
-0.004527 0.019786 
0.015463 -0.027924 
-0.025279 -0.033723 
-0.023550 0.093539 
0.064801 -0.069277 
0.100406 -0.119073 
-0.020091 0.050254 
-0.009817 0.017853 
-0.039064 0.093946 
0.083824 -0.039064 
0.022177 0.015971 
-0.055849 -0.020447 
-0.010325 0.091098 
0.008189 0.007579 
0.017548 0.007477 
0.047711 0.053204 
-0.000407 0.072939 
0.090742 -0.054832 
0.017599 0.041200 
-0.030925 -0.044760 
0.013428 -0.055645 
0.050457 0.095116 
-0.012055 0.068412 
-0.004069 0.062665 
-0.086317 -0.156306 
0.029908 0.022279 
0.063631 -0.167089 
-0.034995 -0.074567 
0.035045 0.033519 
-0.032655 0.049949 
-0.001424 0.040590 
0.055645 -0.084231 
-0.099033 -0.040030 
0.040590 0.034791 
0.011546 0.067293 
-0.004120 0.027467 
-0.003815 0.007884 
0.015107 -0.093031 
-0.073448 0.073346 
-0.031078 0.068311 
-0.031688 0.035758 
-0.025992 0.049593 
-0.016327 0.003917 
0.033774 -0.020142 
-0.001577 -0.072075 
-0.071108 0.007731 
-0.016582 -0.033672 
0.024720 -0.095625 
-0.041810 0.085757 
0.012106 0.021872 
-0.078839 0.005188 
0.053560 -0.068311 
-0.008393 -0.051932 
-0.040234 0.005341 
-0.032909 -0.030468 
-0.022075 0.004171 
0.054628 0.002645 
0.017497 0.046897 
-0.021821 -0.040132 
-0.012157 -0.022940 
0.018515 -0.079552 
0.003306 -0.041759 
-0.012462 -0.102593 
0.071566 -0.046744 
0.036622 -0.009257 
-0.012462 -0.021516 
0.062868 -0.028586 
0.037436 -0.013021 
0.022126 -0.084078 
0.003815 0.070549 
0.027670 0.010173 
0.008189 0.056001 
0.017599 -0.022584 
0.017345 0.021516 
-0.004680 0.067548 
0.015005 -0.031790 
0.005697 0.008850 
0.001424 0.034384 
-0.051322 0.022940 
0.047456 0.088453 
0.019990 0.040030 
0.050864 0.032655 
0.002340 -0.037436 
-0.075228 0.054374 
0.001373 -0.001882 
0.067395 -0.027721 
0.035707 0.041607 
0.054730 0.011394 
-0.014293 -0.015005 
-0.021312 -0.060783 
0.029196 0.011088 
0.035707 -0.059715 
0.006816 -0.041709 
-0.018871 -0.034130 
0.023194 0.022482 
0.034028 -0.029298 
0.015259 -0.052899 
-0.004171 0.040386 
0.006460 -0.076856 
0.036775 -0.044404 
-0.035758 0.081535 
-0.026602 -0.004323 
0.001119 0.038860 
0.069684 0.090640 
0.008901 -0.184993 
-0.032858 0.087283 
0.040284 -0.065310 
-0.004018 0.093844 
0.056459 -0.015768 
0.029043 0.026297 
-0.049338 -0.147303 
-0.074923 0.134637 
-0.080264 0.104577 
0.023143 -0.070650 
0.025076 -0.074516 
-0.002645 0.005595 
0.015768 -0.044659 
-0.015514 0.044913 
0.019481 -0.033621 
-0.018260 -0.011241 
-0.009664 -0.027467 
0.015514 0.007833 
0.004527 -0.105035 
-0.033621 -0.018667 
0.038759 0.077924 
-0.056510 0.023855 
0.067090 -0.071464 
0.010173 -0.030213 
-0.019278 -0.019786 
0.035554 -0.043082 
0.061444 -0.020956 
0.039572 0.045981 
0.020803 -0.024262 
0.009461 0.071413 
-0.009562 0.038148 
0.058138 0.018057 
0.019074 -0.005849 
-0.002035 0.100202 
-0.028891 0.019634 
-0.015158 0.100915 
0.030569 -0.121413 
-0.006256 -0.009003 
0.051576 -0.068565 
0.021312 -0.082146 
0.068056 0.005188 
-0.032757 0.037741 
-0.057629 0.011139 
-0.001170 -0.022838 
0.037385 -0.029145 
-0.092573 0.077619 
0.063987 -0.062359 
0.116428 -0.097812 
-0.029654 -0.042472 
0.038759 0.015158 
-0.006460 -0.059765 
0.075228 0.031383 
-0.035452 0.039623 
-0.020040 -0.037639 
-0.034537 -0.006053 
0.081637 -0.069633 
-0.033672 -0.079653 
0.002340 -0.086876 
0.014547 -0.089928 
0.018718 -0.009257 
-0.063122 0.074516 
0.064038 -0.129551 
-0.047253 0.055595 
-0.048016 0.079755 
0.096438 0.038352 
0.017294 -0.067548 
0.110426 -0.076856 
0.015107 -0.028535 
0.031994 -0.016022 
-0.041353 -0.097100 
-0.045473 -0.010580 
0.092827 -0.033519 
0.048524 -0.028382 
-0.028840 -0.007274 
0.004934 -0.127822 
0.097252 -0.090335 
0.034079 -0.038453 
-0.042116 0.077720 
-0.001170 -0.034944 
0.041047 -0.092624 
0.006053 0.030569 
-0.046083 0.011495 
-0.005341 -0.018057 
0.009054 0.003255 
-0.038046 0.037334 
0.077619 -0.022075 
-0.020803 -0.057833 
0.062258 -0.055442 
-0.051220 -0.000051 
0.035452 0.019990 
0.065259 -0.040335 
0.049949 0.033062 
-0.012818 -0.008647 
-0.025941 0.027365 
-0.052492 -0.055645 
-0.043794 -0.031790 
0.016175 -0.061546 
-0.039318 0.028128 
-0.057782 0.038962 
0.062563 -0.054221 
-0.033062 -0.008749 
-0.041251 0.035961 
-0.012513 0.039572 
0.048677 -0.076245 
-0.007375 0.075838 
-0.054526 0.017701 
0.040997 0.025127 
-0.082298 0.036826 
0.005900 -0.033977 
-0.045320 -0.030773 
0.005544 0.001068 
0.007884 -0.028230 
0.029196 -0.011597 
0.008749 -0.084435 
0.043235 -0.065004 
0.016989 0.044048 
0.012818 -0.001322 
-0.017752 0.015717 
0.007731 0.052187 
0.003001 -0.087842 
-0.024720 0.003052 
-0.012411 0.078534 
0.010376 0.020956 
0.008393 0.097303 
0.015056 0.025636 
-0.002950 0.021566 
0.002543 -0.024313 
-0.059409 0.067039 
-0.024618 0.108137 
0.030773 -0.080823 
0.012004 -0.054119 
-0.055188 0.000661 
-0.011648 -0.070040 
0.017548 -0.045523 
-0.003408 0.006765 
-0.089724 -0.010529 
-0.054221 0.068565 
-0.006409 0.018515 
0.034639 0.048779 
0.013682 0.003815 
0.000966 0.066785 
0.015666 -0.016785 
0.028433 0.061698 
0.064343 0.029756 
0.031638 -0.075991 
0.042166 -0.006561 
-0.015666 0.037538 
0.063529 -0.089063 
0.019074 -0.045523 
-0.011800 0.039267 
0.032502 0.025992 
0.004680 -0.052797 
0.022177 -0.058799 
0.000916 0.066530 
0.013784 -0.060783 
-0.005595 0.070854 
-0.020142 0.000102 
0.099999 -0.109155 
0.014395 -0.003713 
-0.039623 0.054476 
0.059867 0.011851 
-0.007274 -0.021210 
0.025483 -0.010631 
0.051525 -0.012665 
-0.045829 -0.000865 
0.009257 0.001831 
-0.004629 0.045829 
0.026704 0.028840 
-0.047507 0.069989 
0.009359 0.076500 
0.046846 0.012767 
0.024822 0.016887 
0.026755 0.019023 
0.042726 0.021159 
-0.066581 -0.001882 
0.002899 0.018413 
0.028535 0.041556 
0.037233 -0.047812 
-0.135604 0.021922 
0.016429 0.026805 
0.004934 0.107578 
0.002899 0.001272 
-0.022533 0.016633 
0.028077 0.022380 
0.037894 -0.109307 
0.000661 -0.019278 
0.033469 -0.039674 
0.003967 0.038148 
-0.037894 0.000153 
-0.011953 0.075432 
0.031027 -0.037436 
0.000407 0.031638 
0.039827 0.003917 
0.061597 0.025686 
-0.005290 -0.011088 
0.050915 -0.015615 
0.017802 0.063682 
0.055289 0.026399 
0.004527 0.063428 
-0.021261 0.008545 
-0.010681 -0.046999 
-0.022685 0.009969 
0.012258 0.019074 
0.010529 -0.027721 
0.017752 -0.032197 
-0.027263 -0.131179 
-0.025941 0.001424 
0.046032 0.033113 
-0.089979 -0.008545 
0.030061 0.128737 
-0.001017 -0.064089 
-0.062665 -0.093590 
-0.018413 -0.045676 
-0.004832 0.049186 
-0.018871 -0.022838 
0.073804 0.027060 
-0.019481 0.064038 
-0.066988 0.031485 
-0.028738 -0.057527 
0.001272 -0.028840 
-0.075533 0.072380 
0.022279 0.015158 
0.021973 0.029094 
-0.010580 0.051881 
0.032604 -0.035758 
0.010122 0.007477 
-0.002492 -0.078992 
0.069989 -0.057477 
0.040793 -0.076805 
-0.049237 0.079145 
0.022838 -0.086113 
0.077822 0.004883 
-0.010478 0.065513 
0.019684 -0.005748 
-0.038250 0.077619 
0.036877 -0.027314 
-0.030061 0.056205 
0.034333 -0.016022 
0.061444 0.039165 
-0.006561 -0.004323 
0.001577 -0.052950 
0.046490 -0.058087 
-0.050813 0.014801 
-0.026093 0.040234 
0.019379 0.008189 
0.001831 -0.024211 
-0.043031 0.012309 
0.012258 -0.053865 
-0.000051 0.026805 
-0.021668 -0.002543 
0.014598 -0.010325 
-0.074923 0.048067 
0.005137 0.060884 
0.024822 -0.005086 
0.008342 -0.144302 
0.059613 -0.020956 
-0.048626 -0.011902 
0.024262 -0.035961 
-0.026602 -0.101474 
-0.020142 0.006918 
-0.040691 0.011902 
0.020803 0.001068 
0.000610 -0.042217 
0.051220 0.010529 
0.035910 -0.041709 
-0.034232 0.001475 
0.024974 -0.016938 
0.019074 -0.052136 
-0.022787 -0.096642 
-0.041607 -0.030213 
0.025381 -0.024974 
-0.024262 0.114495 
-0.039420 0.037690 
-0.013428 -0.021159 
-0.030112 0.025636 
0.016124 -0.060884 
0.029603 -0.108239 
-0.020498 -0.012258 
-0.020346 -0.071820 
-0.109205 0.156306 
-0.031231 -0.053306 
-0.007070 -0.025483 
-0.037945 0.008138 
-0.050406 -0.016633 
-0.031739 -0.001017 
0.063835 -0.021516 
0.054577 -0.078789 
-0.033519 0.060478 
0.018311 0.057782 
0.002441 -0.081993 
0.018260 0.021922 
0.039115 0.008596 
-0.027263 -0.009562 
-0.032960 0.031129 
-0.005036 -0.003510 
-0.057273 0.017396 
-0.032248 0.036012 
0.032044 -0.055442 
-0.024974 0.027518 
-0.036470 0.010529 
-0.076449 0.002492 
0.040742 -0.012665 
-0.032350 -0.016175 
0.038148 -0.104780 
-0.037741 -0.073244 
-0.073346 0.048118 
0.070498 -0.112613 
-0.022736 0.050610 
-0.081332 0.030976 
-0.080060 0.046693 
0.051169 -0.062461 
-0.031078 0.062919 
-0.051678 0.003764 
0.001424 -0.016175 
0.014344 -0.049135 
0.031485 0.016836 
-0.008800 0.026297 
0.029298 0.016785 
0.079246 -0.097761 
0.034232 0.020498 
-0.027161 0.007426 
0.045117 -0.039928 
0.070905 -0.058901 
0.026551 -0.003357 
0.058443 -0.050813 
0.004730 0.020193 
0.034791 -0.100050 
0.007579 0.012207 
-0.034232 0.080620 
0.034689 0.032960 
0.018820 0.025636 
-0.001475 0.018362 
-0.014852 0.045981 
-0.021719 0.103000 
-0.008087 -0.045422 
0.004934 -0.050305 
0.043540 0.000509 
-0.071057 0.029349 
0.008545 -0.079043 
-0.018413 -0.017090 
0.001729 0.092268 
-0.030569 -0.072176 
-0.050712 0.018565 
0.005799 0.040997 
0.003103 0.000356 
0.041963 -0.039623 
-0.015768 0.127466 
0.022584 0.024008 
0.009969 0.055951 
0.049694 0.034842 
0.060986 -0.028942 
0.014547 0.054832 
0.054069 0.027009 
-0.098015 -0.064750 
-0.016836 0.055493 
0.000966 0.027009 
-0.053306 0.063987 
-0.020498 -0.042166 
0.003255 0.053000 
0.016531 -0.008342 
0.035758 0.006561 
0.026246 0.001831 
0.030620 -0.071006 
0.043031 -0.069074 
-0.001373 -0.001373 
-0.041556 0.042879 
0.017599 -0.075076 
0.005849 -0.040844 
0.017904 -0.051271 
0.010173 -0.030519 
0.001729 0.069277 
-0.011953 0.085910 
0.023957 -0.033723 
-0.002543 0.035198 
-0.046388 0.072838 
0.014293 0.064852 
0.046541 -0.065055 
0.034384 -0.087792 
0.000458 -0.049186 
0.001119 0.042929 
-0.030366 -0.057934 
-0.001780 0.036266 
-0.002187 -0.015005 
0.041759 -0.020905 
-0.009562 -0.042929 
0.003967 0.023601 
0.039572 -0.134180 
0.039725 0.038301 
-0.033214 0.058341 
-0.001017 -0.022380 
-0.000814 0.022075 
-0.020244 -0.009461 
-0.010783 -0.021973 
0.011648 -0.057222 
-0.007274 -0.000966 
0.056459 0.028687 
-0.022889 0.004476 
0.014801 -0.155288 
0.026195 -0.056001 
0.019990 -0.064038 
-0.099236 0.070752 
0.016429 0.006460 
0.015920 -0.086317 
0.002950 0.029705 
-0.026297 0.054170 
0.085655 -0.047304 
-0.024059 -0.065360 
-0.010325 -0.036266 
0.018616 0.006714 
0.032757 0.054526 
0.014293 -0.113173 
0.042421 -0.025839 
-0.050457 0.087893 
-0.005493 0.047507 
-0.017650 0.113681 
-0.029145 0.029552 
0.034384 0.034791 
0.027670 -0.056561 
-0.002594 -0.010020 
0.035961 -0.025483 
0.006918 -0.028993 
-0.037538 -0.033265 
0.059257 -0.003001 
-0.002391 0.118463 
-0.033367 -0.082502 
0.010071 0.031434 
-0.044252 0.022991 
0.037996 0.028433 
0.045167 0.016887 
-0.020397 0.071057 
0.014954 0.035808 
0.045574 -0.075686 
-0.014445 -0.073855 
-0.012665 -0.027111 
-0.016582 0.105594 
0.059715 -0.048016 
-0.027161 0.049237 
0.046185 0.030162 
-0.028280 0.035401 
0.010987 0.000203 
0.013682 -0.010732 
-0.044150 -0.052085 
-0.005951 0.008494 
0.026297 -0.017650 
0.025076 -0.111545 
0.004629 -0.013479 
-0.045778 -0.078331 
-0.073957 0.037945 
0.028535 -0.032197 
-0.000254 0.012360 
0.059308 -0.044048 
0.012055 -0.062512 
-0.010427 0.038911 
0.069531 -0.047151 
-0.057426 0.080416 
-0.002747 -0.100202 
0.004781 -0.022177 
-0.024517 -0.001729 
-0.000814 0.031943 
0.025534 0.015259 
0.014191 0.003204 
0.035503 -0.039165 
0.041149 0.012767 
-0.063580 0.070345 
0.052339 -0.018972 
0.014598 0.044913 
-0.025279 -0.013377 
-0.082197 0.051881 
0.056154 -0.003866 
0.039165 -0.074160 
0.059155 -0.020498 
-0.056459 0.071922 
-0.003662 0.085655 
-0.028382 0.039572 
-0.039115 0.108798 
-0.030264 -0.023957 
-0.028128 0.081128 
0.056663 -0.099694 
0.010376 -0.033316 
0.083672 0.005290 
-0.012614 0.065615 
-0.012411 0.026856 
-0.030468 -0.017243 
0.042370 -0.005646 
0.035758 -0.122939 
-0.020905 -0.007274 
-0.002899 0.009512 
0.028738 0.107374 
0.059867 -0.004018 
0.010732 -0.043794 
0.001068 -0.086622 
0.010275 0.074160 
0.018769 0.002085 
-0.001729 0.113936 
0.039827 0.066378 
-0.024822 0.015361 
0.034944 -0.019023 
0.033774 -0.035096 
-0.000610 0.006104 
0.038046 -0.086876 
0.032960 -0.057985 
0.028840 -0.035249 
-0.018565 -0.048016 
-0.012309 -0.023194 
0.050457 0.011800 
-0.007070 -0.093539 
0.016734 0.070650 
-0.021922 0.091301 
0.021210 -0.076958 
0.043794 0.062207 
-0.020702 -0.009308 
-0.041047 -0.011343 
-0.014547 0.007324 
-0.056052 0.106306 
-0.012360 0.028433 
0.115665 -0.111291 
-0.012309 -0.015259 
-0.006155 0.059765 
-0.008545 -0.005900 
-0.044099 -0.052950 
0.002340 0.020549 
-0.021363 0.112918 
0.009308 0.001170 
0.003408 -0.085401 
0.024873 -0.003611 
0.016836 0.000051 
0.010122 0.074465 
-0.044760 0.001933 
0.076551 -0.083061 
-0.011292 -0.018006 
0.016124 -0.032807 
-0.004629 0.079196 
-0.069582 -0.004476 
-0.053814 -0.082705 
-0.007833 -0.003866 
-0.043845 0.026246 
0.017040 0.068209 
0.005137 0.022533 
0.016938 -0.059562 
0.040335 -0.051220 
-0.104424 0.138401 
0.030722 0.000916 
-0.014954 0.081484 
0.003052 0.004985 
0.019990 0.043794 
-0.012513 -0.037639 
0.016277 0.004476 
-0.001272 -0.074414 
-0.067293 0.031688 
0.017599 0.012411 
-0.004527 0.022431 
0.025279 0.038809 
0.036571 0.062003 
-0.026399 0.057934 
0.018820 -0.029196 
-0.019227 0.012563 
-0.053865 0.048474 
0.103254 -0.038555 
-0.031739 -0.001729 
-0.040335 0.062614 
-0.012767 0.104017 
0.012767 -0.020498 
0.047355 0.017446 
0.039216 0.030569 
0.001475 0.013377 
0.060834 0.042929 
0.001119 0.072532 
-0.035554 -0.027721 
0.038759 -0.116174 
0.040437 0.048474 
-0.010681 -0.029908 
-0.036978 0.009919 
0.024517 -0.042319 
-0.033672 0.004273 
-0.087385 0.091861 
-0.010275 0.038657 
-0.004629 -0.005748 
0.061291 0.012360 
-0.047355 0.045422 
-0.029145 0.065055 
-0.002950 0.044760 
0.012360 0.046236 
-0.017701 0.029806 
-0.047202 0.084435 
0.018921 -0.075788 
0.008443 0.053204 
-0.006460 -0.006256 
0.032095 -0.070345 
-0.004629 -0.025076 
0.044557 -0.061851 
0.091861 -0.048728 
0.017141 -0.005544 
0.009868 0.004781 
0.032909 0.011648 
0.023499 0.074567 
-0.032807 0.041861 
-0.032807 0.033316 
-0.040437 0.040030 
-0.032197 -0.097201 
-0.031739 0.062817 
-0.028382 0.000712 
-0.037538 0.023601 
-0.089521 0.089724 
0.020142 -0.006104 
-0.010173 -0.031841 
0.044354 -0.020854 
-0.000051 -0.057527 
-0.049999 0.011648 
-0.021465 -0.030010 
-0.010885 0.049440 
0.004171 0.043235 
0.092522 0.030264 
-0.023855 0.025381 
0.026042 -0.010275 
0.000865 -0.029756 
0.030112 -0.008393 
0.038657 0.068667 
0.048016 -0.050356 
0.012207 0.058494 
-0.019888 -0.094455 
-0.008698 0.000254 
0.060376 -0.024262 
-0.042828 0.082502 
-0.008647 0.074872 
-0.053458 0.019481 
-0.056256 0.167038 
0.037690 -0.166173 
-0.017904 0.066785 
-0.040335 0.070956 
-0.057477 0.074414 
0.003459 -0.060630 
-0.028687 0.002035 
-0.017904 -0.063377 
-0.010732 -0.067802 
0.025178 0.028026 
-0.024720 0.057985 
-0.011394 0.001221 
-0.003459 0.051881 
-0.030366 -0.039521 
0.004323 -0.083468 
-0.054730 -0.023804 
0.008342 -0.063784 
-0.010020 0.053357 
-0.000916 -0.032044 
-0.029094 0.013021 
-0.025788 -0.046642 
-0.025992 -0.069430 
-0.071718 0.057477 
-0.047100 -0.017802 
0.047812 -0.045269 
0.054526 -0.052695 
-0.006561 -0.016633 
0.057985 -0.068361 
-0.042929 0.053814 
-0.004832 0.076856 
-0.036164 0.030264 
0.028230 0.086418 
0.006358 -0.017955 
-0.015310 0.044099 
0.084333 0.000916 
0.070345 -0.037283 
-0.081383 0.081637 
-0.022024 -0.080620 
0.021719 -0.039725 
0.061240 0.012106 
-0.023499 -0.009969 
0.048168 -0.006053 
-0.001729 -0.004883 
-0.074821 0.053560 
0.018464 -0.014293 
-0.047049 0.010631 
0.070447 -0.033926 
0.029654 -0.046948 
0.004323 -0.040742 
0.002136 -0.112715 
-0.029857 0.051220 
0.050813 -0.058138 
-0.025534 0.030519 
-0.010325 -0.017040 
0.018718 -0.033977 
0.037639 -0.020854 
0.028993 0.005900 
0.009868 -0.020651 
0.021770 0.103102 
0.043184 0.036114 
-0.067242 0.035096 
0.011699 0.052492 
-0.034232 -0.046388 
-0.030925 0.004374 
-0.004171 -0.055442 
-0.090640 0.016378 
0.012055 0.034944 
0.019125 0.032960 
0.030925 -0.042421 
0.038759 0.015971 
-0.054272 0.058443 
0.053000 0.030315 
-0.053102 -0.068361 
-0.011241 -0.003560 
-0.008037 -0.056459 
0.030773 0.017446 
0.033214 -0.052746 
0.002594 0.064852 
-0.063275 0.006612 
0.037741 -0.031943 
0.044048 -0.059104 
-0.012818 -0.050457 
-0.059562 0.056001 
-0.010732 0.035147 
0.071769 0.067598 
-0.052390 -0.053509 
-0.045574 0.090335 
-0.025585 0.023754 
0.023703 -0.012411 
-0.001068 -0.033519 
0.061546 -0.005595 
0.034842 -0.056612 
-0.000305 0.027772 
0.012411 -0.028891 
0.068107 -0.130467 
-0.012157 -0.035045 
0.001831 0.002645 
0.019786 -0.053560 
-0.040742 -0.015005 
-0.006511 0.041861 
-0.023143 0.034842 
0.004171 -0.005086 
-0.089724 0.005493 
0.037894 0.043692 
-0.022787 0.026551 
-0.055951 0.065208 
-0.010275 0.042929 
-0.021312 -0.013276 
0.051983 -0.050661 
0.026399 -0.019990 
-0.003052 -0.025127 
0.012513 -0.027060 
-0.006511 0.007223 
-0.001170 0.145116 
0.061190 -0.058443 
0.008596 -0.010122 
-0.071108 -0.075126 
-0.003560 -0.033367 
-0.015615 0.073499 
0.048880 -0.078178 
-0.017294 -0.031739 
-0.012207 -0.032655 
0.002798 0.050203 
-0.021821 -0.035147 
0.065717 -0.024923 
-0.024771 0.019990 
0.001679 0.032502 
0.027619 0.035758 
-0.008749 0.009054 
-0.034740 0.046236 
0.024415 -0.010275 
-0.065208 0.039674 
-0.030112 -0.020549 
-0.030366 0.053458 
0.045066 -0.042217 
0.051119 0.034842 
-0.034740 0.013174 
-0.032350 0.057680 
-0.012563 -0.038402 
-0.031688 0.058646 
-0.023245 0.000356 
0.000763 0.006765 
0.052644 0.002798 
-0.051271 0.017802 
-0.031536 -0.009156 
0.052136 -0.033113 
-0.031892 -0.029552 
0.043438 -0.138249 
-0.026551 0.047914 
0.082603 -0.039267 
0.005137 -0.065869 
-0.049643 0.061342 
0.006307 -0.027975 
-0.055239 0.080976 
-0.004018 -0.067802 
0.054832 -0.024822 
0.033163 0.067344 
0.055239 -0.050966 
-0.092675 0.061647 
-0.029399 0.099897 
