1.883755 1.573382 
1.574694 1.395978 
1.753502 0.521348 
1.435896 -0.096927 
0.541002 -0.666005 
-0.089969 0.149174 
0.003265 -0.155431 
-0.045106 -0.080508 
0.007355 0.044832 
-0.123478 0.150639 
-0.022065 -0.165685 
-0.065065 0.000000 
-0.070467 0.133091 
-0.066713 -0.051576 
0.021699 0.170446 
-0.071902 -0.068300 
-0.141331 -0.050020 
-0.195013 0.158208 
0.062288 0.233314 
0.123356 -0.181341 
-0.140355 0.179785 
0.111698 -0.162542 
0.038911 0.029633 
0.006470 0.010498 
-0.023713 0.163182 
0.026185 0.096194 
-0.004486 -0.014557 
0.068972 -0.080142 
0.007904 0.041047 
-0.007202 -0.075503 
-0.111728 -0.159337 
0.006043 0.177984 
-0.171606 0.132542 
0.100406 -0.204108 
0.013520 0.221168 
0.063662 -0.043458 
0.178808 -0.038484 
0.090213 0.116947 
0.084872 -0.038789 
0.106326 -0.040529 
0.113804 -0.062593 
0.010987 -0.042909 
-0.050508 0.115024 
-0.035707 -0.192267 
0.197790 -0.222755 
0.048280 -0.216620 
0.006073 0.115085 
0.037477 -0.103275 
-0.019135 0.151952 
0.017640 0.134037 
0.070345 -0.014801 
0.023804 -0.018250 
0.023713 -0.084506 
0.001892 0.135136 
0.015778 -0.077914 
0.063112 0.036683 
-0.092868 -0.120823 
0.077334 0.124638 
0.119968 -0.078280 
0.043580 -0.075808 
-0.013337 -0.140965 
-0.097537 0.036683 
-0.078280 -0.066866 
0.118351 -0.079531 
0.009796 -0.068026 
0.071474 -0.039491 
0.066256 -0.024262 
-0.010559 -0.038759 
-0.062838 0.012909 
-0.033876 0.046937 
0.005463 0.056063 
-0.072329 0.090945 
-0.031709 -0.029817 
0.011292 0.126652 
-0.012726 -0.070284 
0.009644 0.136540 
-0.047884 0.012177 
-0.024903 -0.099429 
0.013337 -0.110324 
0.030824 0.023438 
-0.046602 -0.116489 
0.031190 0.173467 
-0.113498 0.072481 
-0.104801 -0.047548 
-0.050325 0.189367 
0.081973 -0.202948 
-0.035615 -0.086581 
0.027161 0.065981 
-0.053499 -0.018586 
0.041871 -0.119022 
-0.012665 0.166417 
0.001282 0.133244 
-0.089206 0.043367 
0.012391 -0.150945 
-0.018647 0.008148 
-0.018250 0.104495 
-0.007477 -0.045320 
0.027711 -0.019959 
-0.048921 -0.005158 
-0.024842 0.133244 
0.028230 -0.192785 
0.097415 0.025208 
0.087497 -0.011139 
0.086550 -0.124332 
-0.060884 0.068880 
-0.031434 0.074648 
-0.022980 0.136387 
-0.055116 -0.166021 
0.125340 -0.261208 
0.092227 -0.115909 
-0.046663 -0.046846 
0.024415 -0.092898 
0.047273 -0.112888 
-0.042665 0.160588 
-0.118625 0.009980 
0.059267 -0.020386 
-0.096408 0.064119 
-0.026551 -0.116886 
0.006745 0.082064 
-0.092593 0.084780 
0.047945 0.057955 
0.046388 0.106571 
-0.018708 -0.231605 
0.182134 -0.120365 
0.077670 -0.004242 
-0.060549 0.069338 
-0.026826 0.042329 
-0.035585 0.095767 
0.051973 -0.056124 
-0.172735 -0.026856 
-0.044710 0.152501 
0.095462 -0.142277 
-0.117283 0.156346 
0.081851 0.068422 
0.099216 0.030732 
-0.121769 -0.043703 
-0.134007 -0.098727 
0.148991 -0.059450 
-0.152684 0.097812 
-0.089785 -0.004761 
-0.064058 0.011628 
0.046815 0.004151 
-0.021699 0.076083 
0.028260 0.009339 
0.063997 0.044649 
0.110599 -0.059267 
-0.128391 0.122593 
0.087588 0.114505 
-0.081149 0.147435 
0.010010 -0.012452 
-0.026093 0.026887 
-0.017151 0.047548 
-0.033479 0.074435 
0.024049 -0.027100 
0.048250 0.047578 
0.014954 -0.159917 
-0.111484 0.231483 
0.061831 -0.223212 
-0.088839 -0.079745 
0.060366 -0.122990 
-0.106235 0.043306 
-0.016236 -0.081668 
-0.002472 -0.093600 
0.003662 0.031007 
0.051546 -0.043672 
-0.052492 -0.016846 
